;;;RIASSUNTO ESECUZIONE INTERROTTA PER SUPERAMENTO LIMITE MASSIMO
;;;matrice A
0 1 1 0 0 0 1 0 0 0 0 1 0 0 0 0 0 1 1 0- #indice:0
0 0 0 0 1 1 0 0 0 0 0 1 0 0 0 0 0 0 0 1- #indice:1
0 0 0 1 1 0 1 1 0 0 0 0 0 0 0 1 1 0 1 0- #indice:2
1 0 0 1 0 0 0 1 0 0 0 1 0 0 0 1 0 0 0 0- #indice:3
0 1 0 0 0 0 0 0 0 0 1 1 0 1 1 0 0 0 1 0- #indice:4
1 0 0 0 1 0 0 1 0 0 0 0 0 0 0 0 0 0 0 0- #indice:5
0 0 0 0 0 0 0 1 0 0 0 1 1 0 0 1 1 0 0 0- #indice:6
0 0 1 1 1 1 0 1 1 1 0 1 0 0 0 0 1 0 0 0- #indice:7
0 1 0 1 1 0 0 0 0 0 0 0 0 1 0 0 0 0 1 0- #indice:8
0 1 1 1 0 0 1 0 0 0 1 0 1 0 0 0 0 1 1 0- #indice:9
0 0 0 0 0 1 0 0 1 0 0 1 0 0 0 0 0 0 1 0- #indice:10
0 0 1 0 0 1 0 0 0 1 1 0 0 0 0 1 1 0 0 0- #indice:11
0 0 0 0 0 1 0 1 0 1 0 1 0 0 0 0 0 0 0 0- #indice:12
0 0 0 0 1 0 0 0 0 0 0 1 0 1 0 0 1 0 0 0- #indice:13
0 0 0 0 1 0 1 1 0 0 0 0 1 0 0 0 0 0 0 0- #indice:14
1 1 0 0 0 0 0 1 0 1 1 0 1 0 1 0 0 0 0 0- #indice:15
0 0 0 1 0 0 1 1 0 0 0 0 1 0 0 0 0 0 1 0- #indice:16
0 0 0 0 0 1 1 0 1 0 0 0 1 0 0 0 0 0 0 0- #indice:17
0 0 1 0 0 0 0 0 0 0 0 0 0 0 0 1 0 1 1 1- #indice:18
1 1 0 0 1 0 0 0 0 0 0 1 0 0 0 1 0 1 0 1- #indice:19
0 1 1 0 1 0 1 0 0 0 0 0 0 0 0 1 1 0 0 0- #indice:20
0 1 0 0 1 0 0 0 0 1 0 0 0 0 1 0 0 1 0 0- #indice:21
1 0 0 0 0 0 1 0 1 0 0 0 0 0 0 1 1 0 0 0- #indice:22
0 0 0 0 0 1 0 1 1 1 0 1 0 0 0 0 0 1 0 0- #indice:23
0 0 0 0 1 1 0 0 0 0 0 0 0 1 0 0 0 0 0 1- #indice:24
1 0 0 0 0 1 0 0 0 0 0 0 0 0 0 0 0 0 0 0- #indice:25
0 0 1 1 0 0 0 0 1 1 1 1 0 0 0 0 0 0 0 1- #indice:26
0 1 0 1 1 0 0 0 1 0 0 0 0 0 1 0 1 0 0 1- #indice:27
1 0 1 0 0 0 1 0 0 1 0 0 0 0 0 0 0 0 1 0- #indice:28
1 0 0 1 0 1 1 0 0 1 0 1 0 0 0 0 0 0 0 1- #indice:29
0 0 1 1 0 1 0 0 0 0 0 1 0 0 1 0 1 0 1 1- #indice:30
0 0 0 0 0 0 0 0 0 0 0 0 0 0 0 0 0 1 1 0- #indice:31
0 0 1 1 0 0 0 0 0 0 0 0 0 0 1 0 1 0 0 0- #indice:32
0 0 0 0 0 0 0 0 0 0 1 0 0 0 1 1 1 0 0 0- #indice:33
1 1 1 1 1 1 1 0 1 1 0 0 0 0 1 0 0 0 0 1- #indice:34
0 0 0 1 1 0 0 1 0 0 1 0 0 0 0 0 1 1 0 0- #indice:35
0 0 0 0 0 0 1 0 0 0 1 0 0 1 0 0 0 0 0 0- #indice:36
0 0 0 0 0 0 0 1 0 0 0 1 1 0 1 0 0 0 0 0- #indice:37
0 0 0 0 0 1 0 0 0 1 1 0 1 0 1 0 0 0 0 0- #indice:38
0 0 0 1 0 0 0 0 0 0 0 0 0 0 0 0 1 0 0 0- #indice:39
1 0 0 0 0 0 0 0 0 1 0 0 1 1 1 0 0 1 0 0- #indice:40
0 0 1 0 0 0 0 0 0 0 1 0 1 0 1 0 0 0 0 0- #indice:41
0 1 1 1 1 0 1 0 0 0 0 1 0 0 1 1 1 1 0 0- #indice:42
0 0 1 1 1 0 0 0 0 0 0 0 0 1 0 0 0 1 1 1- #indice:43
1 0 0 0 0 0 0 0 1 0 0 0 0 0 0 0 1 0 0 0- #indice:44
0 0 0 0 0 0 1 0 0 0 0 1 1 0 0 0 0 0 0 1- #indice:45
0 0 0 1 1 0 0 0 0 0 0 1 1 0 0 0 0 0 0 0- #indice:46
0 0 0 0 0 0 0 0 0 1 0 0 0 1 1 0 0 0 1 0- #indice:47
0 0 1 0 0 1 0 1 0 0 0 0 0 0 0 0 1 1 1 0- #indice:48
0 0 0 1 0 0 1 1 0 1 0 0 0 0 0 0 0 0 0 1- #indice:49
1 1 1 1 0 0 0 1 0 0 0 0 0 0 1 0 0 1 0 1- #indice:50
0 0 0 0 1 1 0 0 0 0 1 0 0 0 1 0 0 0 0 0- #indice:51
1 0 1 1 0 0 0 0 1 0 0 0 0 1 0 0 0 0 0 0- #indice:52
0 0 0 0 0 0 0 0 0 0 0 0 0 1 0 0 0 0 0 1- #indice:53
0 1 1 0 1 1 0 1 1 0 0 0 0 0 0 0 1 0 0 0- #indice:54
0 0 0 1 0 0 0 0 1 0 1 0 0 1 0 1 0 1 0 1- #indice:55
1 0 0 0 1 0 0 1 1 0 1 0 0 0 1 0 0 1 1 0- #indice:56
1 0 1 1 0 0 0 0 1 0 0 0 0 0 1 1 0 0 0 0- #indice:57
0 0 0 0 0 0 0 0 1 0 0 1 0 1 0 0 1 0 0 0- #indice:58
0 0 1 1 1 0 0 1 0 0 0 1 1 0 0 0 0 0 0 0- #indice:59
1 1 1 0 1 1 0 0 0 0 0 0 0 0 1 0 0 1 0 0- #indice:60
0 0 0 0 1 0 0 0 0 0 0 0 0 0 0 0 0 0 0 0- #indice:61
0 0 1 1 1 0 0 0 0 0 0 0 0 0 0 1 0 0 0 1- #indice:62
1 0 0 0 0 1 0 0 1 1 1 0 1 1 0 0 0 0 0 0- #indice:63
1 0 0 0 0 0 0 1 0 0 0 0 0 0 1 0 0 0 0 0- #indice:64
0 0 0 0 0 0 0 0 1 0 0 1 1 0 0 1 0 0 0 0- #indice:65
0 0 0 1 0 0 0 0 0 0 1 1 1 1 0 0 0 0 1 0- #indice:66
1 1 0 0 0 0 0 0 0 1 0 1 0 0 0 1 0 0 0 1- #indice:67
0 0 1 0 0 0 0 0 0 1 0 0 0 0 0 1 0 0 1 1- #indice:68
0 0 1 0 1 1 0 1 0 0 0 0 0 0 0 0 0 0 0 0- #indice:69
0 0 0 0 1 0 0 0 1 0 0 0 0 0 0 0 1 1 1 0- #indice:70
1 1 0 0 0 0 0 1 0 0 0 1 0 1 0 1 0 1 0 0- #indice:71
0 0 0 0 0 0 0 0 1 0 0 1 1 1 0 1 1 0 0 0- #indice:72
0 0 0 1 0 1 0 0 1 0 1 0 1 1 0 1 0 0 1 0- #indice:73
1 0 0 0 0 0 0 1 0 0 0 1 0 0 0 0 0 0 0 0- #indice:74
0 0 0 0 0 1 0 0 0 0 1 1 0 0 1 0 0 0 0 0- #indice:75
0 1 0 0 1 0 0 0 0 1 0 1 1 1 1 1 0 0 0 0- #indice:76
0 0 0 0 0 0 0 1 0 0 1 1 1 0 1 0 0 0 0 1- #indice:77
0 0 0 0 1 1 1 0 0 0 0 0 0 0 0 0 1 0 0 0- #indice:78
0 1 1 0 0 0 0 1 0 0 0 0 0 0 0 0 0 1 0 0- #indice:79
0 1 0 0 0 0 0 0 1 0 0 0 0 0 0 0 0 0 0 1- #indice:80
1 0 0 0 0 0 0 0 0 0 0 1 1 0 0 1 1 1 0 0- #indice:81
0 0 0 1 0 0 0 0 0 0 0 1 0 0 0 0 0 0 1 1- #indice:82
0 0 0 1 0 0 0 0 1 0 1 1 0 0 1 0 0 1 1 0- #indice:83
1 0 0 0 1 0 0 0 0 0 0 0 0 0 0 1 0 1 0 0- #indice:84
1 0 0 0 0 0 0 0 0 0 0 1 0 0 0 0 0 0 0 0- #indice:85
0 1 0 0 1 0 0 1 0 0 0 1 1 1 0 1 1 1 1 1- #indice:86
1 1 0 1 1 0 0 0 0 1 0 0 1 1 1 1 1 0 1 0- #indice:87
0 0 0 0 0 0 1 0 1 0 0 1 1 0 0 0 0 0 0 0- #indice:88
0 0 0 1 0 0 0 0 0 0 1 0 0 0 0 0 0 0 1 0- #indice:89
1 0 0 0 0 0 0 0 0 0 1 1 0 0 0 1 0 0 1 0- #indice:90
0 0 1 0 0 0 1 0 1 0 0 0 0 1 0 1 0 1 0 1- #indice:91
0 0 0 1 0 1 1 0 0 0 0 0 0 1 0 1 0 0 0 1- #indice:92
1 0 0 0 1 0 0 0 0 1 0 0 0 1 0 0 0 0 1 0- #indice:93
0 1 1 0 1 0 1 0 1 0 0 0 1 0 0 0 0 0 0 0- #indice:94
0 0 0 0 0 0 1 0 0 0 0 0 1 0 0 0 0 0 0 1- #indice:95
1 0 1 0 1 1 1 0 1 1 0 0 0 0 0 0 0 0 1 0- #indice:96
0 0 1 0 0 1 0 0 0 0 0 0 0 0 0 0 1 0 1 1- #indice:97
1 0 0 1 0 1 1 1 0 1 0 0 0 0 0 0 0 0 0 1- #indice:98
1 0 0 0 1 1 0 0 0 1 0 0 0 0 1 0 0 1 0 1- #indice:99
0 1 0 0 0 0 0 1 0 1 0 0 0 0 0 0 1 1 1 1- #indice:100
0 0 0 1 1 0 0 0 1 0 0 0 0 0 0 0 0 0 0 1- #indice:101
0 1 0 0 0 1 1 1 0 0 0 0 1 0 0 0 0 1 0 0- #indice:102
0 0 0 1 0 0 0 1 0 1 1 0 1 0 0 0 0 0 0 0- #indice:103
0 0 1 0 0 0 0 0 0 1 0 0 0 0 0 0 0 0 1 0- #indice:104
0 0 1 0 0 1 0 0 0 1 1 1 1 0 0 0 0 1 0 0- #indice:105
0 0 1 0 0 0 1 0 0 0 1 1 0 0 1 0 1 1 0 1- #indice:106
0 0 1 0 1 0 1 0 0 0 0 1 1 0 0 0 0 0 1 1- #indice:107
0 0 1 0 0 0 0 0 0 0 0 0 0 1 0 0 1 0 1 0- #indice:108
0 0 0 1 0 0 0 0 0 1 0 1 1 0 0 1 1 0 0 1- #indice:109
0 0 0 1 1 0 0 0 0 0 0 0 1 0 0 0 0 1 0 0- #indice:110
0 1 0 0 1 1 0 0 0 1 1 0 0 0 0 0 0 1 1 1- #indice:111
0 0 0 0 0 0 0 0 1 1 1 1 1 0 1 0 0 0 0 1- #indice:112
1 0 1 0 0 1 0 1 0 0 0 0 0 1 1 0 1 0 0 0- #indice:113
0 0 1 0 0 1 0 0 0 0 0 1 1 1 1 1 1 1 1 0- #indice:114
0 0 0 1 0 0 1 0 0 0 0 0 0 0 0 1 0 0 0 0- #indice:115
0 1 0 0 0 0 0 0 0 1 0 0 1 1 0 0 1 1 1 0- #indice:116
0 0 0 0 0 0 1 0 0 0 0 1 0 1 1 0 0 1 0 0- #indice:117
0 1 1 0 0 0 0 1 0 1 1 0 0 0 0 0 0 0 0 0- #indice:118
0 0 0 0 0 0 1 0 0 1 0 0 0 0 0 1 0 0 1 0- #indice:119
0 0 1 0 1 1 0 0 1 0 1 0 0 0 0 0 0 0 0 0- #indice:120
1 0 0 0 0 0 0 1 1 0 0 0 0 0 0 0 0 1 1 0- #indice:121
0 0 0 0 0 0 0 0 0 1 0 1 0 1 0 0 0 0 0 0- #indice:122
1 0 1 1 0 1 0 0 0 0 1 1 1 1 1 0 1 0 1 1- #indice:123
0 0 0 0 1 0 0 1 1 0 0 0 0 0 0 1 0 0 0 0- #indice:124
1 0 0 0 1 1 0 0 0 0 0 0 1 0 0 0 1 1 0 0- #indice:125
0 0 0 0 0 0 0 0 0 1 0 0 0 1 0 0 1 0 0 0- #indice:126
0 1 1 0 0 0 0 1 0 0 1 0 0 0 1 0 0 0 1 0- #indice:127
0 1 0 0 0 0 0 1 0 0 0 0 0 1 0 0 0 0 0 1- #indice:128
1 0 1 0 0 0 0 0 1 1 0 0 1 0 0 0 1 1 1 0- #indice:129
0 0 1 1 0 1 1 0 1 0 0 0 0 0 0 0 0 0 0 0- #indice:130
0 0 0 0 0 0 0 0 0 0 0 1 0 1 0 1 0 1 0 0- #indice:131
0 0 0 1 0 0 0 0 0 0 1 0 1 1 0 0 0 1 1 0- #indice:132
0 1 0 0 1 0 1 0 1 0 0 0 0 0 1 1 0 1 0 0- #indice:133
0 1 1 0 0 0 1 0 0 1 0 1 0 1 0 1 0 0 0 1- #indice:134
0 0 0 0 0 0 0 0 0 1 1 1 0 0 0 1 1 0 1 0- #indice:135
1 0 0 0 0 0 0 1 1 0 0 1 1 0 0 0 0 0 0 0- #indice:136
0 1 1 0 0 1 0 0 0 0 0 0 0 0 0 1 0 0 1 1- #indice:137
1 0 1 0 0 1 0 1 0 0 0 0 0 0 0 0 0 0 0 0- #indice:138
1 0 1 1 0 0 1 0 1 0 1 1 0 0 0 0 1 1 0 0- #indice:139
0 0 0 0 0 1 0 1 0 0 0 0 0 1 0 0 0 1 1 0- #indice:140
0 0 0 0 1 1 0 0 0 0 0 1 0 1 0 0 0 1 0 0- #indice:141
0 0 0 0 1 0 1 0 0 0 1 1 0 1 1 0 0 0 1 1- #indice:142
0 1 0 0 0 0 0 1 0 0 1 0 0 0 1 0 0 0 1 0- #indice:143
1 1 1 0 0 0 0 1 0 0 0 1 1 1 0 0 0 0 0 0- #indice:144
0 0 0 0 0 0 0 0 1 0 0 0 0 1 0 0 0 1 1 1- #indice:145
0 0 0 0 0 1 0 0 0 0 0 0 1 0 1 0 0 0 0 0- #indice:146
0 0 0 0 0 0 1 0 0 0 0 1 0 0 1 1 1 0 0 0- #indice:147
0 0 1 0 0 0 0 0 0 1 0 0 1 0 1 0 1 0 0 0- #indice:148
0 0 1 0 1 0 0 0 1 1 0 0 0 0 1 0 1 0 0 0- #indice:149
0 1 0 0 1 0 0 1 1 0 0 0 0 0 0 0 0 0 1 0- #indice:150
0 1 0 1 0 1 0 1 0 0 1 0 1 0 0 0 1 0 0 1- #indice:151
0 1 0 0 1 0 0 0 0 0 0 1 1 0 1 0 0 0 0 0- #indice:152
0 0 1 0 1 0 1 0 0 0 0 0 0 1 1 0 0 1 1 0- #indice:153
0 1 0 0 1 0 0 0 0 1 1 0 0 1 0 0 0 0 1 1- #indice:154
0 0 1 0 0 0 1 0 0 0 1 0 1 0 0 0 0 0 0 0- #indice:155
0 0 0 0 1 1 1 0 1 0 0 0 1 1 0 0 1 0 0 1- #indice:156
0 0 0 1 1 0 0 0 0 0 1 0 1 0 0 0 0 0 1 1- #indice:157
0 0 0 0 0 0 0 0 0 0 0 0 0 0 0 0 0 1 1 0- #indice:158
0 0 0 1 0 1 0 0 1 0 0 1 0 0 0 0 1 0 0 0- #indice:159
0 0 1 1 1 0 0 0 0 0 0 0 1 0 0 0 0 0 0 0- #indice:160
1 0 1 0 0 0 0 0 1 0 0 0 0 0 0 0 0 1 0 0- #indice:161
1 0 0 0 1 0 0 0 0 1 0 1 0 0 1 0 0 0 0 1- #indice:162
0 0 1 1 0 0 0 1 0 1 0 0 0 1 0 0 0 0 0 1- #indice:163
0 0 0 0 0 1 0 0 0 0 0 0 1 0 0 0 1 0 0 0- #indice:164
0 0 0 0 0 1 0 0 0 1 0 0 0 0 0 1 1 0 0 0- #indice:165
1 1 0 0 0 1 0 0 0 0 1 0 0 0 0 0 1 0 0 0- #indice:166
1 1 0 1 0 1 0 0 0 0 0 0 1 0 1 1 0 0 1 0- #indice:167
0 0 0 1 1 0 0 1 0 0 0 0 0 0 0 1 0 0 0 0- #indice:168
1 1 0 1 0 1 0 0 0 1 0 0 0 0 0 0 0 0 1 0- #indice:169
0 1 0 0 1 1 0 1 0 0 1 0 0 1 1 0 0 1 0 0- #indice:170
0 0 0 0 0 0 0 1 0 0 0 0 1 0 0 0 1 0 0 0- #indice:171
0 0 1 0 0 0 0 0 1 0 0 1 0 0 0 0 0 1 0 0- #indice:172
0 0 1 0 1 1 0 1 0 0 0 0 0 0 0 1 0 1 0 0- #indice:173
1 0 0 0 1 1 0 0 0 0 0 0 0 0 0 0 1 0 0 0- #indice:174
0 0 0 1 1 0 0 0 0 0 0 0 1 0 1 0 1 0 0 0- #indice:175
0 0 0 0 0 1 1 0 1 0 0 0 0 0 0 0 0 0 0 0- #indice:176
0 0 1 0 1 0 0 0 0 0 1 0 0 0 0 0 0 0 0 1- #indice:177
1 1 0 0 0 1 1 0 1 0 1 0 1 0 0 1 0 0 0 1- #indice:178
1 1 0 0 0 0 0 0 1 0 1 0 1 0 0 0 0 0 0 1- #indice:179
0 0 1 0 0 1 0 0 0 1 0 0 0 1 0 0 0 0 0 0- #indice:180
1 0 0 0 0 0 0 0 1 1 0 0 1 0 0 0 0 0 1 0- #indice:181
0 0 0 0 1 0 0 0 0 0 0 0 0 0 0 0 0 1 0 0- #indice:182
0 0 1 0 0 0 0 1 1 0 0 1 0 0 0 1 1 0 0 1- #indice:183
1 0 0 1 0 0 1 0 0 0 0 0 1 1 0 1 0 1 0 0- #indice:184
0 0 0 0 0 0 0 0 1 1 0 1 0 0 0 1 1 0 0 1- #indice:185
0 1 0 0 0 1 0 0 0 0 0 0 0 0 0 1 0 0 0 1- #indice:186
0 0 1 1 0 0 0 0 0 1 1 0 1 0 0 1 1 0 1 0- #indice:187
0 0 1 0 1 0 0 0 0 0 1 1 0 0 1 1 0 0 1 1- #indice:188
0 1 0 0 0 0 1 0 0 0 0 0 1 0 0 0 0 0 0 1- #indice:189
0 0 0 1 1 1 1 0 1 1 1 1 0 1 0 0 0 1 0 0- #indice:190
0 1 1 0 0 0 0 0 0 0 0 1 0 0 1 1 0 1 1 1- #indice:191
0 0 0 0 1 1 0 0 0 0 0 0 0 0 1 1 1 1 0 0- #indice:192
0 0 0 1 1 0 0 0 0 0 1 0 0 1 0 1 0 1 0 0- #indice:193
0 0 0 0 0 1 1 0 0 1 0 0 0 0 1 0 0 0 0 0- #indice:194
0 0 0 1 1 0 0 0 1 1 0 1 0 1 1 1 1 0 1 0- #indice:195
1 1 0 1 0 0 0 0 0 0 0 0 0 0 0 0 0 0 0 1- #indice:196
0 0 0 1 1 0 0 1 1 0 1 0 1 1 0 0 0 0 0 0- #indice:197
0 1 0 0 0 0 0 0 1 1 0 1 0 1 1 0 1 1 1 1- #indice:198
0 0 1 1 1 0 1 0 0 0 0 0 1 0 0 1 1 0 0 0- #indice:199

#Dimensioni: 
A = 8128 bytes
B = 74532 bytes
COV = 56 bytes

#Risultato COV =

Numero delle partizioni trovate = 0
Distribuzione della cardinalità del COV:
Numero di set = 0
Cardinalità = 20

#Heap
Index Count     Size  Cumulative Size             Object Name
    1    12    10752    10752                           list
    2  1122    62808    73560                          tuple
    3     9     9194    82754                  numpy.ndarray
    4     9     4176    86930                types.FrameType
    5     9      504    87434            types.TracebackType
    6     5      200    87634                 types.CellType
    7     1      136    87770                       function
    8     1       88    87858                  StopIteration
    9     1       72    87930               builtins.weakref
   10     1       64    87994                dict (no owner)
   11     2       52    88046                    numpy.int16
   12     1       48    88094         builtins.list_iterator
   13     2       48    88142                          float

Spazio totale di heap occupato = 86.08 KB

Tempo di esecuzione: 3012.0646953582764 millisecondi

Numero nodi visitati = 10959
Numero totale dei nodi visitati = 1606938044258990275541962092341162602522202993782792835301375
Percentuale dei nodi visitati sul totale = 0.0000%
