;;;RIASSUNTO ESECUZIONE COMPLETA
;;;matrice A
1 0 0 0 1 0 1 1 0 0 0 0 0 1 0 0 1 0 0 0- #indice:0
0 1 0 0 1 0 1 1 0 0 1 0 0 0 1 1 0 1 1 0- #indice:1
0 1 0 0 0 0 0 1 1 0 0 0 0 0 0 0 0 0 0 0- #indice:2
0 0 0 0 0 0 0 0 0 0 1 0 0 0 1 0 1 0 0 0- #indice:3
1 1 1 0 0 1 0 1 0 1 1 0 0 1 0 0 0 0 0 0- #indice:4
0 0 0 0 0 0 0 0 0 0 0 0 1 1 1 0 0 0 1 0- #indice:5
1 0 0 0 0 0 0 0 1 0 0 0 0 0 0 0 0 0 0 1- #indice:6
0 1 0 0 0 1 1 0 1 0 0 1 0 0 0 0 0 0 0 1- #indice:7
1 0 0 0 0 0 0 0 0 0 1 0 0 0 0 0 0 0 0 1- #indice:8
0 0 0 0 0 0 0 0 0 0 1 0 0 0 1 1 0 0 0 0- #indice:9
1 0 0 0 1 1 1 0 0 0 0 0 0 0 0 0 1 0 0 0- #indice:10
0 0 0 0 1 0 0 0 0 0 1 0 0 0 0 1 0 0 0 0- #indice:11
1 0 0 0 0 0 1 1 0 0 0 0 0 1 0 0 0 0 0 1- #indice:12
1 1 0 0 0 1 0 1 0 0 1 0 0 0 0 0 0 0 0 0- #indice:13
0 0 1 0 0 1 0 0 0 0 1 0 0 1 0 0 0 0 0 0- #indice:14
0 0 0 0 0 1 0 0 0 0 1 0 0 1 1 0 0 0 0 0- #indice:15
0 0 0 1 0 0 0 0 1 0 1 0 0 1 0 0 0 0 0 0- #indice:16
1 0 0 0 0 1 0 0 1 0 0 0 1 0 0 0 0 0 0 1- #indice:17
0 1 1 0 0 1 0 0 0 0 0 0 0 0 0 1 0 0 1 1- #indice:18
0 0 0 0 0 0 0 0 1 0 0 0 1 0 0 0 0 0 1 0- #indice:19
0 1 0 0 0 0 1 0 0 0 0 1 0 0 0 0 0 0 0 1- #indice:20
0 0 0 0 0 0 0 1 0 0 0 0 0 0 0 1 1 1 0 0- #indice:21
1 1 0 1 0 0 0 1 0 0 0 0 0 0 0 0 0 0 0 0- #indice:22
1 0 0 0 1 0 0 0 1 0 1 1 0 0 0 0 0 0 0 1- #indice:23
0 0 1 1 0 0 0 0 0 0 0 0 0 1 0 0 0 1 0 0- #indice:24
1 0 0 0 0 0 0 0 0 0 0 0 1 0 0 1 0 0 1 1- #indice:25
0 1 0 0 0 1 0 1 1 0 0 1 0 1 1 0 0 0 1 1- #indice:26
1 0 1 0 1 0 1 0 1 0 0 0 0 0 0 0 0 0 1 0- #indice:27
0 0 0 0 0 1 0 0 0 0 0 1 0 1 0 0 0 0 0 0- #indice:28
0 0 0 1 0 1 0 0 0 0 0 0 1 0 0 1 1 0 1 0- #indice:29
1 1 0 0 0 1 0 1 0 0 0 0 1 0 0 0 0 1 0 0- #indice:30
0 0 0 0 0 1 0 1 0 0 0 0 1 0 0 0 0 0 0 0- #indice:31
0 0 0 0 0 0 0 1 0 0 0 1 0 0 0 0 0 1 0 1- #indice:32
1 0 0 0 1 0 0 1 0 0 0 0 0 0 0 0 0 0 0 0- #indice:33
0 1 1 0 0 1 1 0 0 1 0 0 0 0 0 0 1 0 0 0- #indice:34
0 1 0 0 0 0 1 0 0 0 0 0 0 0 1 0 0 0 1 0- #indice:35
1 0 0 0 0 1 0 0 0 1 0 0 1 0 0 1 1 0 0 1- #indice:36
0 0 0 0 1 0 0 1 0 1 0 0 0 0 0 0 0 0 0 0- #indice:37
1 0 0 0 0 0 0 0 1 0 1 0 0 0 1 0 0 1 0 0- #indice:38
0 0 0 1 0 0 0 1 0 0 0 1 0 0 1 0 0 0 0 0- #indice:39
0 0 0 0 0 0 1 1 0 0 1 0 0 1 0 0 0 0 0 1- #indice:40
1 0 0 0 0 0 0 0 0 0 0 0 0 0 0 0 0 1 1 0- #indice:41
1 0 0 0 1 0 1 0 0 0 0 1 0 0 0 0 0 0 1 0- #indice:42
0 0 0 1 0 0 1 0 0 0 1 1 0 0 0 0 0 0 0 1- #indice:43
0 1 1 0 1 0 0 0 1 1 0 1 0 0 0 0 0 0 1 1- #indice:44
0 0 0 0 0 0 0 0 1 1 0 1 0 0 0 0 0 0 1 0- #indice:45
0 0 0 0 0 0 0 0 1 0 0 0 0 0 0 0 0 0 1 0- #indice:46
0 0 1 0 0 0 0 0 0 0 1 1 0 0 1 0 0 0 0 0- #indice:47
1 0 0 0 0 0 1 0 1 0 0 0 0 0 0 1 0 0 0 0- #indice:48
0 0 0 0 0 0 0 1 1 0 0 1 0 0 0 0 0 0 1 1- #indice:49
1 1 0 0 0 1 0 1 0 1 0 1 0 1 1 0 0 0 1 0- #indice:50
0 0 0 0 0 0 0 1 0 1 0 0 0 0 0 0 1 1 0 1- #indice:51
0 0 0 0 0 0 1 0 0 0 0 0 0 0 0 0 1 0 1 0- #indice:52
1 1 1 0 0 1 1 0 0 0 1 0 0 0 0 0 0 0 1 0- #indice:53
0 0 1 0 0 0 1 0 0 0 0 0 0 1 0 0 0 0 0 0- #indice:54
0 0 1 0 0 1 0 0 1 1 0 0 0 0 0 0 1 0 0 0- #indice:55
0 1 0 0 0 0 0 0 0 1 0 0 0 1 1 0 0 0 0 0- #indice:56
0 0 0 1 0 0 0 1 0 0 0 0 1 1 0 0 1 1 0 1- #indice:57
1 1 0 0 0 0 0 1 1 0 0 0 0 0 0 0 0 1 0 0- #indice:58
0 1 0 0 0 1 0 0 0 0 0 0 0 0 1 0 0 1 0 1- #indice:59
0 1 0 0 0 0 1 0 0 0 0 0 1 0 0 0 0 0 0 0- #indice:60
1 0 0 0 0 0 0 0 0 1 0 0 0 0 0 0 0 0 0 0- #indice:61
0 0 0 0 0 1 1 1 0 1 0 0 0 0 0 0 0 0 0 0- #indice:62
0 0 1 0 0 0 0 0 1 0 0 0 1 0 1 0 0 0 0 0- #indice:63
0 0 0 0 0 0 0 0 0 0 1 0 1 0 1 0 1 1 0 0- #indice:64
0 0 0 1 1 1 0 0 0 0 0 0 0 0 0 1 0 0 0 1- #indice:65
0 0 1 1 0 1 0 0 0 0 0 0 0 0 0 1 0 0 0 0- #indice:66
1 0 0 0 0 1 0 0 0 0 0 0 0 0 0 0 0 1 1 0- #indice:67
0 1 0 0 1 0 0 0 1 0 0 0 0 0 1 0 0 0 0 0- #indice:68
0 1 0 0 0 0 1 0 0 0 0 0 1 0 0 0 0 0 1 1- #indice:69
1 0 1 0 1 0 0 0 0 0 0 0 0 0 0 0 0 0 0 0- #indice:70
0 0 1 1 0 1 1 1 0 1 0 0 1 0 0 0 0 1 1 0- #indice:71
1 1 0 1 0 0 0 0 0 0 0 0 0 0 0 0 1 0 0 1- #indice:72
1 0 0 0 0 0 0 0 1 0 1 0 0 0 0 0 0 0 0 0- #indice:73
0 0 0 1 0 1 0 1 0 0 0 0 0 0 0 0 1 0 0 0- #indice:74
0 0 0 0 1 0 0 0 1 1 0 0 1 0 0 0 0 0 0 0- #indice:75
0 0 0 0 0 1 0 0 0 0 0 0 0 0 0 0 0 0 0 0- #indice:76
1 0 1 0 0 0 0 0 0 0 0 0 0 1 0 0 0 0 1 0- #indice:77
1 0 0 1 1 0 0 0 1 0 0 0 0 0 0 0 1 1 0 0- #indice:78
0 1 1 1 1 0 1 0 0 0 0 1 0 0 0 0 0 0 0 0- #indice:79
0 0 0 0 0 1 1 1 0 0 0 1 1 0 0 0 0 1 0 0- #indice:80
0 0 0 0 0 0 0 1 0 0 0 1 0 0 0 0 0 0 1 0- #indice:81
0 0 1 1 0 0 0 0 0 0 0 0 1 0 0 0 0 0 1 1- #indice:82
1 0 0 1 0 0 0 0 0 0 0 0 0 1 0 0 0 0 0 0- #indice:83
0 1 1 0 0 1 0 0 0 0 0 0 0 1 0 0 0 1 0 1- #indice:84
0 0 0 1 0 0 0 1 0 0 1 1 0 0 1 0 0 0 0 0- #indice:85
0 0 0 0 0 0 0 1 0 0 0 0 0 0 0 0 0 1 0 0- #indice:86
1 0 0 1 0 0 0 0 0 1 0 0 0 0 0 0 0 0 1 0- #indice:87
1 0 1 1 0 0 0 0 0 0 0 0 1 0 1 0 1 0 0 1- #indice:88
0 1 1 0 0 1 0 0 0 0 0 0 0 0 1 0 1 0 0 1- #indice:89
0 1 1 0 0 0 1 0 0 0 0 0 1 0 0 0 0 0 0 1- #indice:90
0 0 0 0 0 1 0 0 0 0 1 0 0 0 0 0 0 0 1 0- #indice:91
0 0 0 0 0 0 0 1 0 0 0 0 1 1 1 1 0 0 0 0- #indice:92
0 0 1 1 0 0 1 0 0 0 0 0 0 0 0 0 1 0 0 0- #indice:93
1 0 0 0 0 1 0 0 0 1 1 0 0 0 1 0 1 1 0 0- #indice:94
0 0 1 0 0 0 0 0 0 1 0 0 0 0 1 0 0 0 0 0- #indice:95
0 0 0 0 0 1 0 0 0 1 1 0 0 0 0 0 1 1 0 0- #indice:96
1 0 0 0 1 0 0 0 0 0 0 0 1 1 0 1 0 1 0 0- #indice:97
0 0 0 0 0 0 0 1 0 1 0 0 0 0 0 0 0 0 1 0- #indice:98
0 1 0 1 0 0 0 0 0 1 0 0 0 0 0 1 0 0 0 0- #indice:99
0 1 1 0 0 0 0 1 0 0 1 0 1 0 0 0 1 0 0 0- #indice:100
0 0 0 0 0 0 1 1 0 0 0 0 0 1 1 1 0 0 0 0- #indice:101
1 0 0 0 0 0 0 0 0 0 1 0 0 1 0 0 0 0 1 1- #indice:102
1 0 0 0 0 1 0 0 0 0 0 0 1 0 1 0 0 0 0 0- #indice:103
1 0 0 1 0 1 0 0 0 0 1 0 0 0 1 0 0 0 1 0- #indice:104
1 1 0 1 0 1 0 0 1 0 0 0 0 1 0 1 0 1 0 0- #indice:105
0 0 1 0 0 1 0 0 1 0 1 0 0 0 0 0 0 0 0 1- #indice:106
1 0 1 0 1 0 1 0 0 0 1 0 0 0 0 0 0 1 0 0- #indice:107
0 0 0 0 0 0 0 0 0 1 0 0 0 0 0 0 0 1 0 1- #indice:108
0 0 0 0 0 0 0 0 0 1 0 0 0 0 0 1 0 0 0 0- #indice:109
0 1 0 0 1 0 0 0 1 0 0 0 1 0 0 1 0 1 1 0- #indice:110
0 0 0 0 0 0 0 0 0 1 0 0 0 0 1 1 0 0 0 0- #indice:111
0 0 0 0 1 0 0 0 0 0 0 0 0 0 0 1 0 1 0 0- #indice:112
0 1 0 1 0 1 1 0 0 1 1 0 0 0 0 0 0 1 0 0- #indice:113
0 0 0 0 0 0 0 0 0 1 0 0 0 0 0 0 0 0 0 0- #indice:114
0 0 0 0 1 0 0 0 1 0 0 0 0 0 0 1 1 0 0 0- #indice:115
0 0 1 0 0 0 1 0 0 0 0 0 0 1 1 0 1 0 1 0- #indice:116
0 0 0 0 0 0 0 0 0 0 0 1 0 0 1 0 1 0 0 1- #indice:117
1 0 1 0 0 0 0 0 1 0 0 0 0 0 0 0 1 1 1 1- #indice:118
1 1 0 0 0 0 1 0 0 0 0 1 0 0 0 0 0 0 1 1- #indice:119
1 0 0 0 0 0 0 1 1 0 0 0 0 0 1 1 1 0 0 0- #indice:120
1 1 0 0 1 0 0 0 0 0 0 0 0 1 0 1 0 0 1 0- #indice:121
0 1 0 0 1 1 1 1 1 0 0 0 1 1 1 0 0 0 0 0- #indice:122
0 1 0 0 0 0 0 0 0 0 0 1 0 1 0 1 1 0 0 0- #indice:123
0 0 0 0 0 1 0 1 0 0 1 0 0 0 1 0 1 0 0 0- #indice:124
0 0 0 0 0 1 1 0 0 0 1 1 1 0 1 1 0 0 0 0- #indice:125
1 1 0 0 1 0 0 0 0 1 1 0 0 0 0 1 0 0 1 0- #indice:126
0 0 0 0 0 0 0 0 1 0 0 0 0 0 0 1 1 1 0 1- #indice:127
0 0 0 1 0 0 0 0 1 0 0 1 0 0 1 0 1 0 0 0- #indice:128
0 1 0 1 0 0 0 1 1 0 0 0 1 0 1 0 0 0 0 0- #indice:129
1 0 0 1 0 1 1 0 1 0 0 0 0 0 1 1 0 1 0 1- #indice:130
0 0 0 0 0 0 0 0 0 0 0 0 0 0 1 0 0 0 1 0- #indice:131
0 0 0 0 1 0 1 0 0 0 0 1 1 0 0 0 1 0 0 1- #indice:132
1 0 0 0 0 0 0 0 0 0 0 0 0 0 0 0 0 0 0 1- #indice:133
1 0 0 0 1 0 0 0 0 0 0 0 0 0 0 1 1 0 0 0- #indice:134
0 0 0 1 0 0 0 0 0 0 0 0 0 0 1 1 0 1 0 0- #indice:135
0 1 0 0 1 1 0 0 1 1 0 0 0 0 1 0 0 0 0 0- #indice:136
0 0 0 0 1 0 0 1 0 0 0 0 0 0 0 0 0 1 0 0- #indice:137
0 1 0 0 1 1 0 0 0 0 1 1 0 1 0 1 0 1 0 0- #indice:138
0 1 0 0 0 0 1 1 0 0 0 0 0 0 0 0 1 1 0 1- #indice:139
1 0 0 0 0 1 0 0 0 1 0 1 0 0 0 0 0 0 0 1- #indice:140
0 0 0 0 0 1 0 0 0 0 1 0 0 1 0 0 0 0 0 0- #indice:141
0 0 1 0 0 1 0 0 1 1 0 1 0 1 0 0 0 1 1 0- #indice:142
0 1 0 1 1 1 0 1 0 0 1 1 0 0 0 0 0 0 1 0- #indice:143
0 0 0 1 0 0 0 0 0 0 0 1 1 1 0 1 0 0 0 0- #indice:144
0 0 0 1 0 1 1 0 0 0 0 1 1 1 0 0 0 0 0 1- #indice:145
0 0 0 0 0 0 0 0 0 0 0 0 0 1 1 0 0 0 0 0- #indice:146
1 0 1 0 0 0 0 0 0 0 0 0 0 0 0 0 0 1 1 0- #indice:147
0 0 1 0 0 1 1 0 0 0 0 0 0 0 0 0 0 1 1 0- #indice:148
0 0 0 0 0 0 1 0 0 0 0 1 0 0 0 0 0 0 0 0- #indice:149
0 0 0 0 0 0 0 1 1 0 0 0 1 0 1 1 0 0 0 0- #indice:150
0 0 0 0 1 0 0 0 0 1 0 0 0 1 1 0 0 1 1 0- #indice:151
0 0 0 1 0 0 1 1 0 1 0 0 1 1 0 0 0 0 0 0- #indice:152
1 0 0 1 0 0 0 0 0 0 1 0 1 1 1 1 0 0 1 0- #indice:153
0 0 0 1 0 0 1 1 0 0 0 0 0 0 1 0 0 1 0 1- #indice:154
0 1 1 0 0 0 0 0 0 0 1 1 1 1 0 1 0 1 0 1- #indice:155
0 1 0 0 0 0 0 1 0 0 0 0 0 0 0 0 0 0 0 0- #indice:156
0 0 1 1 0 0 0 0 1 0 0 0 0 0 0 0 1 0 0 0- #indice:157
0 1 0 1 0 1 0 0 0 0 0 1 0 0 0 1 0 0 0 0- #indice:158
0 1 1 0 0 0 1 0 0 0 0 1 1 0 0 0 1 0 0 0- #indice:159
0 1 0 0 0 0 0 0 0 0 0 0 1 0 1 1 1 0 0 0- #indice:160
1 0 0 0 0 0 0 0 0 1 0 1 0 0 1 0 0 1 0 0- #indice:161
0 0 0 0 0 1 0 0 0 0 0 0 0 1 0 0 0 1 0 0- #indice:162
0 0 1 0 0 0 0 0 0 0 0 0 0 1 1 0 0 0 0 0- #indice:163
0 1 1 0 0 0 0 0 0 0 0 0 1 1 0 0 1 1 0 1- #indice:164
0 0 0 0 0 0 0 1 0 0 0 0 0 0 0 0 0 0 0 1- #indice:165
0 0 0 0 1 0 0 1 0 0 0 0 0 1 0 1 0 0 0 0- #indice:166
1 0 0 0 1 0 0 0 0 0 0 0 0 0 1 0 0 0 1 0- #indice:167
0 0 0 0 0 1 0 0 1 0 0 1 0 1 0 0 0 1 0 0- #indice:168
0 0 0 0 0 0 1 1 0 0 0 0 0 0 0 0 0 0 0 0- #indice:169
1 1 0 0 0 0 0 0 0 0 0 1 0 1 0 1 0 1 0 0- #indice:170
0 0 0 0 0 0 0 1 0 0 0 1 1 0 0 0 0 0 0 0- #indice:171
0 0 0 1 0 0 0 0 0 0 0 0 0 0 0 0 0 1 0 0- #indice:172
0 1 0 0 0 0 0 0 0 0 0 0 0 1 0 0 0 0 0 0- #indice:173
0 1 1 0 0 1 1 0 0 0 0 0 0 0 0 0 1 0 0 0- #indice:174
0 0 0 1 0 0 0 1 0 0 0 0 0 0 0 1 0 0 1 0- #indice:175
0 1 1 0 0 0 1 0 0 1 0 1 0 1 1 0 1 1 1 0- #indice:176
0 1 0 0 1 0 0 0 0 1 0 1 1 1 0 0 0 0 0 0- #indice:177
0 1 1 0 1 0 0 0 0 1 1 1 0 0 0 0 1 0 0 0- #indice:178
0 0 1 0 0 0 1 0 0 0 0 0 0 0 1 0 0 0 1 0- #indice:179
0 0 1 1 0 0 0 1 0 0 0 0 0 0 1 0 0 0 0 0- #indice:180
1 1 0 0 1 1 1 0 0 1 1 0 0 0 0 0 1 1 1 0- #indice:181
0 0 0 1 0 1 0 0 1 1 0 1 0 0 0 0 0 1 1 0- #indice:182
1 1 0 0 1 0 0 1 0 0 0 0 0 1 0 0 0 1 0 1- #indice:183
1 1 0 1 0 1 0 0 0 0 0 0 0 0 1 0 0 0 0 0- #indice:184
0 0 1 1 0 0 0 1 0 0 1 1 0 0 1 0 1 0 1 0- #indice:185
0 0 0 0 0 0 0 1 1 1 0 0 1 1 0 0 0 0 0 1- #indice:186
0 0 1 0 1 0 0 0 1 0 0 0 0 1 0 0 0 0 0 0- #indice:187
0 0 0 1 0 0 0 0 0 0 1 0 0 0 1 0 0 0 0 1- #indice:188
0 1 0 0 0 0 0 1 0 0 0 0 0 0 1 0 0 1 0 0- #indice:189
0 1 0 0 0 0 0 0 1 0 1 0 0 0 0 1 1 1 0 0- #indice:190
0 1 0 0 1 1 0 0 0 1 0 1 1 1 0 0 0 0 0 1- #indice:191
0 1 0 1 0 0 0 1 0 0 0 1 0 1 0 0 0 1 0 0- #indice:192
1 0 0 0 0 0 0 1 0 0 1 0 0 0 1 0 0 1 1 0- #indice:193
0 0 0 0 0 0 0 0 1 0 0 0 0 0 0 0 0 0 0 0- #indice:194
1 0 0 1 1 0 0 0 0 0 0 0 0 1 0 0 1 0 0 0- #indice:195
0 0 0 0 0 1 0 0 0 0 0 0 1 0 1 0 1 0 0 0- #indice:196
0 0 0 0 0 0 0 0 1 1 0 0 0 0 0 1 0 0 0 1- #indice:197
0 0 0 1 0 0 0 0 0 0 0 0 0 0 1 0 0 0 1 0- #indice:198
0 0 0 0 0 1 0 0 0 0 0 0 1 0 1 0 0 1 0 0- #indice:199

#Dimensioni: 
A = 52916 bytes
B = 334516 bytes
COV = 55392 bytes

#Risultato COV =
{76, 70, 56, 43, 21, 19}
{98, 90, 78, 28, 9}
{108, 63, 52, 28, 22, 11}
{109, 76, 33, 24, 20, 19, 3}
{109, 90, 81, 78, 15}
{112, 102, 60, 55, 39}
{115, 95, 91, 83, 60, 32}
{115, 108, 85, 77, 76, 60}
{115, 114, 86, 83, 76, 69, 47}
{124, 112, 90, 83, 45}
{131, 83, 60, 55, 32, 11}
{132, 111, 46, 24, 13}
{133, 96, 92, 79, 46}
{133, 114, 79, 21, 19, 15}
{133, 128, 112, 98, 60, 14}
{134, 108, 60, 46, 39, 14}
{135, 132, 46, 4}
{137, 99, 63, 52, 28, 8}
{139, 87, 63, 28, 11}
{141, 111, 90, 81, 78}
{141, 115, 114, 90, 41, 39}
{141, 128, 109, 86, 70, 69}
{144, 137, 55, 35, 8}
{146, 114, 79, 76, 21, 19, 8}
{147, 115, 56, 43, 31}
{149, 86, 83, 75, 18, 3}
{149, 114, 77, 65, 64, 2}
{149, 114, 89, 86, 83, 19, 11}
{149, 137, 111, 72, 19, 14}
{149, 141, 82, 68, 61, 21}
{149, 141, 112, 98, 72, 63}
{153, 137, 55, 20}
{156, 131, 97, 55, 43}
{156, 132, 76, 61, 46, 24, 9}
{156, 132, 131, 109, 76, 73, 24}
{156, 135, 132, 61, 46, 14}
{156, 144, 108, 76, 27, 3}
{156, 147, 132, 111, 76, 16}
{156, 149, 141, 114, 112, 88, 46}
{157, 86, 76, 61, 20, 11, 5}
{157, 133, 114, 112, 81, 60, 15}
{157, 133, 131, 114, 86, 60, 28, 11}
{157, 137, 69, 61, 28, 9}
{157, 137, 131, 109, 60, 28, 8}
{157, 146, 114, 41, 31, 20, 11}
{157, 146, 114, 112, 81, 76, 60, 8}
{157, 156, 149, 114, 112, 76, 8, 5}
{158, 108, 54, 33, 19, 3}
{158, 116, 86, 75, 8}
{158, 133, 64, 54, 46, 37}
{158, 137, 133, 114, 54, 19, 3}
{159, 137, 133, 131, 109, 76, 16}
{159, 141, 135, 133, 46, 37}
{160, 149, 76, 46, 37, 24, 8}
{160, 149, 91, 37, 24, 6}
{162, 134, 114, 90, 85, 46}
{162, 149, 98, 72, 63, 11}
{162, 156, 134, 95, 43, 19}
{162, 156, 149, 114, 88, 46, 11}
{163, 112, 74, 60, 45, 8}
{163, 114, 80, 72, 46, 11}
{163, 137, 114, 73, 29, 20}
{163, 149, 114, 86, 76, 72, 19, 11}
{163, 149, 114, 110, 74, 8}
{163, 158, 86, 75, 52, 8}
{165, 99, 64, 28, 27}
{165, 158, 75, 54, 41, 3}
{165, 159, 131, 112, 76, 61, 16}
{165, 162, 115, 87, 60, 47}
{165, 162, 149, 99, 70, 19, 3}
{167, 157, 141, 109, 60, 32}
{169, 138, 114, 88, 46}
{171, 109, 70, 59, 52, 16}
{171, 109, 76, 68, 52, 24, 8}
{171, 112, 93, 76, 56, 46, 8}
{171, 112, 93, 91, 56, 6}
{171, 115, 114, 76, 35, 24, 8}
{171, 133, 131, 112, 34, 16}
{171, 157, 141, 133, 114, 112, 35}
{171, 162, 157, 133, 114, 35, 11}
{172, 109, 90, 46, 33, 28, 3}
{172, 115, 90, 81, 61, 15}
{172, 117, 109, 60, 46, 33, 14}
{172, 132, 114, 77, 76, 9, 2}
{172, 141, 133, 115, 95, 81, 60}
{172, 141, 134, 95, 60, 49}
{172, 141, 134, 98, 63, 20}
{172, 146, 133, 81, 60, 55, 11}
{172, 146, 134, 114, 106, 81, 60}
{172, 156, 117, 76, 61, 54, 19, 11}
{172, 156, 133, 114, 63, 52, 28, 11}
{172, 156, 149, 133, 55, 11, 5}
{172, 156, 149, 134, 114, 106, 5}
{172, 159, 146, 98, 76, 11, 6}
{172, 160, 76, 70, 45, 40}
{172, 160, 98, 76, 54, 23}
{172, 160, 149, 133, 46, 37, 14}
{172, 163, 115, 114, 81, 76, 60, 8}
{172, 163, 132, 109, 46, 13}
{172, 165, 109, 70, 60, 46, 28, 3}
{172, 165, 159, 146, 76, 61, 46, 11}
{172, 165, 160, 149, 141, 114, 70, 46}
{172, 171, 133, 109, 68, 52, 14}
{172, 171, 133, 115, 114, 35, 14}
{172, 171, 146, 133, 46, 34, 11}
{173, 114, 103, 93, 46, 32, 11}
{173, 115, 95, 43, 41, 31}
{173, 132, 98, 66, 38}
{173, 132, 131, 114, 86, 73, 66}
{173, 134, 95, 86, 76, 43, 19}
{173, 140, 137, 93, 19, 9}
{173, 149, 108, 66, 33, 19, 3}
{173, 149, 108, 74, 70, 19, 9}
{173, 149, 112, 95, 74, 19, 8}
{173, 149, 114, 88, 86, 76, 46, 11}
{173, 149, 133, 66, 64, 46, 37}
{173, 149, 137, 133, 114, 66, 19, 3}
{173, 157, 108, 42, 31, 9}
{173, 157, 133, 131, 114, 80, 11}
{173, 157, 149, 131, 114, 112, 31, 8}
{173, 165, 149, 75, 66, 41, 3}
{173, 165, 161, 93, 76, 19, 11}
{173, 172, 165, 109, 47, 19, 10}
{173, 172, 165, 149, 109, 76, 70, 19, 3}
{173, 172, 165, 149, 134, 114, 91, 63}
{173, 172, 171, 95, 76, 52, 11, 6}
{174, 171, 133, 131, 114, 112, 16}
{174, 172, 171, 146, 133, 114, 46, 11}
{177, 133, 93, 86, 76, 46, 9}
{177, 165, 66, 52, 38}
{178, 135, 76, 19, 12}
{178, 172, 133, 101, 76, 19}
{178, 172, 165, 76, 48, 5}
{179, 173, 172, 171, 115, 114, 76, 8}
{182, 160, 70, 40}
{183, 149, 114, 66, 19, 3}
{187, 172, 119, 109, 31, 3}
{187, 172, 133, 109, 81, 76, 60, 3}
{187, 172, 156, 149, 114, 76, 25, 3}
{187, 172, 160, 149, 98, 76, 8}
{187, 172, 165, 160, 149, 91, 61}
{187, 175, 76, 64, 61, 20}
{188, 114, 70, 60, 46, 28, 21}
{188, 162, 159, 109, 46, 33}
{188, 169, 147, 123, 76, 75}
{188, 173, 149, 114, 76, 70, 21, 19}
{188, 173, 149, 147, 115, 114, 31}
{188, 173, 171, 148, 115, 61}
{189, 114, 54, 29, 23}
{189, 133, 114, 93, 28, 19, 11}
{189, 149, 141, 115, 82, 61}
{189, 187, 149, 114, 29, 8}
{190, 149, 146, 114, 82, 76, 33}
{191, 169, 157, 41, 9}
{192, 95, 52, 17, 11}
{192, 133, 114, 76, 63, 52, 11}
{194, 114, 79, 76, 21, 8, 5}
{194, 114, 112, 90, 83, 81, 76, 3}
{194, 117, 109, 91, 60, 33, 24}
{194, 132, 131, 109, 24, 13}
{194, 144, 137, 131, 34, 8}
{194, 149, 83, 64, 37, 18}
{194, 149, 146, 114, 100, 65, 41}
{194, 156, 149, 114, 77, 65, 64}
{194, 159, 135, 102, 76, 37}
{194, 160, 137, 114, 77, 76, 43}
{194, 160, 149, 133, 91, 37, 24}
{194, 162, 160, 98, 70, 43}
{194, 165, 144, 96, 70, 35}
{194, 165, 159, 112, 87, 15}
{194, 166, 159, 108, 104}
{194, 171, 133, 112, 93, 91, 56}
{194, 171, 148, 146, 114, 72, 11}
{194, 172, 126, 117, 54, 31}
{194, 172, 134, 114, 90, 81, 15}
{194, 172, 156, 132, 114, 77, 76, 9}
{194, 172, 159, 146, 133, 98, 76, 11}
{194, 172, 165, 160, 114, 42, 14}
{194, 172, 166, 159, 131, 114, 76, 8}
{194, 172, 167, 165, 159, 141, 109}
{194, 173, 108, 103, 93, 81, 11}
{194, 173, 149, 124, 112, 82, 61}
{194, 173, 149, 137, 95, 29, 8}
{194, 173, 149, 137, 109, 91, 88}
{194, 173, 165, 114, 66, 64, 42}
{194, 173, 171, 131, 114, 112, 93, 76, 8}
{194, 173, 172, 171, 133, 95, 76, 52, 11}
{194, 174, 144, 137, 131, 114, 8}
{194, 174, 171, 131, 108, 83, 11}
{194, 175, 108, 70, 60, 28, 3}
{194, 177, 165, 93, 67, 9}
{194, 177, 165, 93, 76, 41, 9}
{194, 178, 172, 169, 146, 76, 25}
{194, 179, 171, 141, 114, 112, 72}
{194, 179, 171, 162, 114, 72, 11}
{194, 188, 97, 81, 34}
{194, 188, 166, 159, 114, 67}
{194, 188, 166, 159, 114, 76, 41}
{194, 188, 173, 171, 148, 134, 114}
{194, 188, 174, 114, 97, 81}
{194, 189, 149, 141, 134, 114, 82}
{194, 193, 173, 132, 114, 66}
{195, 90, 86, 76, 45, 9}
{195, 109, 91, 86, 63, 20}
{195, 194, 109, 86, 76, 69, 47}
{196, 114, 112, 77, 43, 2}
{196, 156, 149, 133, 114, 46, 24, 11}
{196, 172, 156, 133, 54, 45, 11}
{196, 173, 109, 86, 70, 46, 43}
{196, 187, 156, 109, 43, 41}
{196, 194, 109, 102, 86, 79}
{196, 194, 156, 114, 112, 77, 43}
{196, 194, 165, 149, 126, 24}
{197, 172, 146, 100, 76, 42}
{197, 172, 159, 141, 131, 33}
{197, 172, 159, 146, 91, 33}
{198, 115, 61, 60, 32, 14}
{198, 132, 109, 58, 14}
{198, 159, 141, 137, 109, 6}
{198, 166, 159, 108, 76, 73}
{198, 194, 134, 114, 60, 32, 14}
{198, 194, 159, 141, 137, 133, 109}
{198, 194, 165, 159, 141, 112, 61}
{198, 194, 165, 162, 159, 61, 11}
{199, 156, 115, 114, 77, 43}
{199, 173, 93, 61, 49, 11}
{199, 173, 114, 93, 81, 11, 6}
{199, 173, 157, 149, 133, 98, 11}
{199, 194, 114, 81, 72, 54, 11}
{199, 194, 173, 133, 114, 93, 81, 11}

Numero delle partizioni trovate = 230
Distribuzione della cardinalità del COV:
	Numero di elementi con cardinalità 4 = 3
	Numero di elementi con cardinalità 5 = 23
	Numero di elementi con cardinalità 6 = 83
	Numero di elementi con cardinalità 7 = 92
	Numero di elementi con cardinalità 8 = 26
	Numero di elementi con cardinalità 9 = 3
Numero di set = 156
Cardinalità = 20

Cardinalità di N:
	Numero di elementi con cardinalità 1 = 3
	Numero di elementi con cardinalità 2 = 13
	Numero di elementi con cardinalità 3 = 31
	Numero di elementi con cardinalità 4 = 44
	Numero di elementi con cardinalità 5 = 41
	Numero di elementi con cardinalità 6 = 35
	Numero di elementi con cardinalità 7 = 15
	Numero di elementi con cardinalità 8 = 9
	Numero di elementi con cardinalità 9 = 7
	Numero di elementi con cardinalità 10 = 2

#Heap
Index Count     Size  Cumulative Size             Object Name
    1   633   414160 34232481                           list
    2  1022    26572 34259053                    numpy.int16
    3     1      408 34259461                types.FrameType
    4     1      136 34259597                       function
    5     1       72 34259669               builtins.weakref
    6     2       48 34259717                          float

Spazio totale di heap occupato = 431.05 KB

Tempo di esecuzione: 11636.02900505066 millisecondi
Numero nodi visitati = 407609
Numero totale nodi visitati = 1606938044258990275541962092341162602522202993782792835301375
Percentuale nodi visitati = 0.0000%
