;;;RIASSUNTO ESECUZIONE COMPLETA
;;;matrice A
0 1 1 0 0 0 0 0 0 1 0 0 0 0 0 0 0 0 0 0- #indice:0
0 0 1 0 1 0 1 0 0 0 0 0 1 1 1 1 0 0 0 1- #indice:1
1 0 0 0 1 0 0 1 1 0 0 1 0 0 0 0 0 0 0 0- #indice:2
0 1 0 1 0 0 0 0 0 0 1 1 0 0 0 1 0 1 0 0- #indice:3
1 0 0 0 1 0 1 0 0 1 1 0 0 0 0 0 1 0 0 0- #indice:4
0 0 0 0 0 0 1 0 0 0 1 0 0 0 0 0 0 0 0 0- #indice:5
1 0 1 0 0 0 0 0 1 0 0 0 0 0 1 0 1 0 0 0- #indice:6
0 0 0 1 0 0 0 0 0 1 0 0 1 0 0 0 0 0 0 0- #indice:7
0 1 0 0 0 1 0 0 0 0 0 0 1 0 0 0 1 1 0 1- #indice:8
1 0 0 0 0 0 0 0 0 0 0 0 0 1 0 1 0 0 1 1- #indice:9
0 1 0 0 0 1 1 0 1 0 0 0 0 0 0 0 0 0 1 1- #indice:10
0 0 1 1 0 0 0 0 0 0 0 0 0 0 1 1 0 0 0 1- #indice:11
1 0 0 0 0 0 0 0 0 0 1 0 0 0 0 0 0 1 0 0- #indice:12
0 0 0 0 0 0 1 0 1 0 0 0 0 0 0 1 0 1 1 0- #indice:13
0 0 0 0 0 1 0 0 1 0 1 1 0 0 0 1 0 0 0 0- #indice:14
1 0 0 0 0 1 0 0 0 0 0 0 0 0 0 0 0 0 1 0- #indice:15
0 0 0 0 0 0 0 0 0 0 0 0 1 0 0 0 1 0 1 0- #indice:16
0 0 0 1 0 0 0 0 0 0 0 0 0 0 0 0 0 0 0 1- #indice:17
0 1 1 0 0 0 1 1 0 0 0 0 1 1 0 0 0 0 0 0- #indice:18
1 0 0 0 1 0 1 0 0 0 0 0 0 0 0 0 0 1 0 0- #indice:19
1 0 0 1 0 0 0 1 1 1 0 0 0 0 0 0 0 0 0 0- #indice:20
1 0 0 1 0 1 1 1 1 0 0 0 0 1 0 0 0 0 0 0- #indice:21
0 0 0 1 0 1 0 1 0 0 0 0 1 0 1 1 0 0 1 0- #indice:22
0 0 0 1 0 1 0 0 0 0 0 0 0 0 1 0 1 1 0 0- #indice:23
0 0 0 1 1 1 0 0 0 0 0 0 0 0 0 0 0 0 0 0- #indice:24
1 0 0 0 0 1 0 0 1 0 0 0 1 1 0 1 0 0 0 0- #indice:25
0 0 1 1 0 1 0 0 0 0 0 0 0 0 0 0 0 0 0 1- #indice:26
0 1 0 0 1 0 1 1 1 1 0 0 0 0 1 1 1 0 0 1- #indice:27
0 0 0 1 0 0 0 0 0 0 0 1 0 0 1 1 1 0 0 1- #indice:28
0 1 0 1 0 0 0 0 1 1 1 1 0 0 0 0 0 1 0 0- #indice:29
0 0 0 0 0 0 0 0 1 0 0 0 0 1 1 1 0 0 0 0- #indice:30
0 1 0 0 0 0 0 1 0 0 0 0 0 0 0 0 0 0 0 0- #indice:31
0 0 0 0 1 0 0 1 0 1 1 1 0 0 0 0 1 0 1 0- #indice:32
0 0 0 0 1 0 0 0 0 0 0 0 0 0 1 1 0 0 1 1- #indice:33
0 0 1 1 0 0 0 0 0 0 1 0 0 0 0 0 0 1 0 0- #indice:34
0 0 0 0 0 0 0 0 0 0 0 0 0 1 0 0 1 1 0 0- #indice:35
0 0 0 0 0 1 0 0 1 0 0 0 1 1 0 1 0 1 1 1- #indice:36
0 0 0 0 0 1 0 1 1 0 1 0 0 0 0 1 0 0 0 1- #indice:37
0 1 0 0 0 0 0 0 0 1 1 0 1 0 0 1 1 0 0 0- #indice:38
1 1 0 1 1 0 0 0 1 0 1 0 0 0 0 1 1 0 0 1- #indice:39
0 0 0 0 0 0 0 1 0 0 0 0 0 0 0 0 0 0 0 1- #indice:40
0 0 0 0 0 0 0 0 0 0 1 0 1 0 0 0 0 1 0 0- #indice:41
0 0 0 0 0 0 0 0 0 1 0 0 0 0 0 0 1 0 0 1- #indice:42
0 0 0 1 0 0 0 0 0 0 1 0 0 0 0 0 1 0 0 0- #indice:43
1 0 0 1 0 0 0 1 0 1 0 0 0 1 0 0 1 0 0 0- #indice:44
1 0 0 0 0 0 0 0 0 0 0 0 0 0 0 1 0 0 0 0- #indice:45
0 0 1 0 0 1 0 0 0 0 0 0 0 0 0 0 0 1 0 1- #indice:46
0 0 0 0 0 0 0 0 0 0 0 1 0 0 0 1 0 0 1 0- #indice:47
1 0 0 0 0 0 0 0 1 0 1 0 0 1 1 0 0 1 0 0- #indice:48
1 0 1 0 1 1 0 1 1 0 1 0 0 0 1 1 0 1 0 0- #indice:49
0 0 0 0 1 0 0 0 0 1 0 0 0 0 0 0 0 0 1 0- #indice:50
1 0 0 0 0 0 1 0 1 0 1 1 0 1 0 0 0 0 0 1- #indice:51
0 0 0 0 0 0 1 0 0 0 1 0 0 0 0 0 0 1 0 1- #indice:52
0 0 0 0 0 0 0 0 0 0 0 0 1 1 0 0 0 0 1 0- #indice:53
1 0 1 1 1 0 1 0 0 0 0 0 0 0 0 1 1 0 1 0- #indice:54
1 0 0 0 0 1 1 1 0 0 0 0 1 1 0 0 0 1 0 0- #indice:55
1 0 0 0 1 0 0 0 0 0 0 0 1 0 0 0 0 0 1 0- #indice:56
0 1 0 0 0 0 0 0 0 0 1 0 0 0 0 0 0 0 0 1- #indice:57
0 0 1 1 1 0 0 1 0 0 0 0 1 0 1 0 1 0 0 0- #indice:58
0 0 0 0 0 1 0 0 1 0 1 0 1 1 0 0 0 1 0 0- #indice:59
0 0 0 0 0 0 0 0 1 1 0 0 0 0 0 1 0 0 1 1- #indice:60
0 0 0 0 0 0 0 0 1 0 0 0 0 0 0 1 0 1 0 0- #indice:61
1 0 0 0 1 0 0 0 1 0 0 0 0 0 0 0 1 0 1 1- #indice:62
0 0 1 0 0 0 0 0 0 1 0 0 0 1 1 0 0 0 0 0- #indice:63
0 0 0 1 0 0 0 0 0 0 0 1 0 1 1 0 0 0 1 0- #indice:64
0 0 1 0 1 0 0 0 0 1 0 0 0 0 0 0 0 0 0 0- #indice:65
1 0 0 0 0 0 0 1 0 0 0 0 0 0 1 0 0 0 0 1- #indice:66
0 0 0 0 0 0 0 1 0 0 0 1 0 1 0 1 0 0 0 0- #indice:67
0 1 0 0 0 0 0 0 0 0 0 0 1 1 0 0 1 1 1 1- #indice:68
0 0 0 0 0 0 0 0 0 0 0 0 0 0 0 1 0 1 0 1- #indice:69
0 0 1 0 0 0 0 0 0 0 1 0 0 1 0 0 0 0 0 0- #indice:70
1 0 0 0 0 0 0 0 0 0 0 0 0 0 0 0 0 0 0 0- #indice:71
1 1 0 0 1 0 0 0 0 0 0 0 0 0 0 0 1 0 1 0- #indice:72
0 1 0 1 0 0 1 0 0 0 0 0 0 0 0 0 1 0 0 1- #indice:73
0 0 0 0 1 0 0 0 1 0 1 1 0 1 0 0 0 0 0 0- #indice:74
1 0 1 1 0 1 0 1 0 0 1 1 1 0 0 0 0 0 0 0- #indice:75
0 0 0 1 0 1 0 0 1 1 0 0 0 1 0 0 1 0 1 0- #indice:76
0 0 0 0 0 0 0 0 0 0 1 1 0 0 0 0 0 0 1 0- #indice:77
0 1 1 0 0 1 0 0 1 0 0 0 1 0 0 0 0 0 0 0- #indice:78
0 0 0 1 0 0 0 0 0 0 0 1 0 1 1 0 0 1 0 0- #indice:79
0 0 0 0 0 0 1 0 0 1 0 0 0 0 0 0 0 0 0 0- #indice:80
0 1 1 0 1 0 0 1 0 0 0 0 1 0 0 0 0 0 0 0- #indice:81
0 0 0 0 0 1 1 0 0 0 0 0 1 0 0 0 0 0 0 0- #indice:82
0 0 1 0 0 0 0 0 0 0 0 0 1 0 0 0 0 0 1 0- #indice:83
0 0 0 1 0 0 0 0 0 0 0 0 1 0 0 0 1 0 1 0- #indice:84
0 0 0 0 0 0 0 0 1 0 1 0 0 0 0 0 1 1 0 1- #indice:85
0 0 0 0 0 0 0 1 1 0 0 0 1 0 0 0 1 0 0 0- #indice:86
1 0 0 0 1 0 1 0 0 0 0 0 0 0 0 1 1 0 0 1- #indice:87
0 1 0 0 1 0 0 0 0 0 0 1 0 1 0 0 0 0 0 0- #indice:88
0 0 0 0 1 1 0 0 0 1 0 0 0 0 1 0 0 0 0 1- #indice:89
1 0 0 0 0 1 0 0 0 1 0 0 0 0 0 0 0 0 0 0- #indice:90
0 0 0 0 0 0 0 1 0 0 0 0 0 0 0 0 0 0 0 0- #indice:91
0 1 0 0 0 0 0 1 0 1 0 0 0 0 0 1 0 0 1 1- #indice:92
0 0 1 1 1 0 0 0 1 1 0 0 0 1 0 0 0 1 1 0- #indice:93
0 1 0 0 0 1 1 1 0 0 1 0 1 0 1 0 0 0 0 0- #indice:94
0 0 1 0 0 0 1 0 0 0 1 0 0 0 1 0 1 0 0 1- #indice:95
0 0 0 0 0 0 1 0 0 0 1 0 1 0 0 0 1 0 0 0- #indice:96
0 1 0 0 0 0 0 0 1 0 0 0 0 0 0 1 0 0 0 0- #indice:97
0 0 0 1 1 1 1 0 0 1 0 1 1 0 0 1 0 0 0 0- #indice:98
0 0 1 0 0 0 0 0 1 0 0 0 0 0 0 0 0 0 0 0- #indice:99
0 0 1 0 0 0 0 0 0 0 0 0 0 0 1 0 1 0 0 0- #indice:100
0 1 0 0 0 0 0 1 1 1 0 0 0 0 0 0 0 0 0 0- #indice:101
0 0 0 0 0 1 0 0 1 0 0 0 1 0 1 0 1 1 0 1- #indice:102
0 0 0 0 0 1 0 1 1 0 0 0 1 1 0 0 0 0 0 0- #indice:103
0 1 0 0 0 0 0 0 0 0 0 0 0 0 0 0 0 0 1 1- #indice:104
0 0 0 0 0 0 0 0 0 1 0 0 1 0 0 1 0 1 0 0- #indice:105
1 0 0 0 0 0 0 0 0 0 0 0 1 1 0 0 0 0 0 0- #indice:106
0 0 0 0 0 0 0 1 0 0 0 0 0 0 1 1 0 0 0 1- #indice:107
0 0 0 0 1 0 0 0 0 0 0 0 1 0 0 0 1 0 0 1- #indice:108
0 0 1 0 0 0 0 1 0 0 0 0 0 1 0 0 0 0 0 0- #indice:109
0 0 0 1 1 1 1 0 0 0 1 0 1 0 0 0 0 0 0 1- #indice:110
0 0 0 1 0 0 0 1 0 0 0 0 0 0 0 1 0 0 1 1- #indice:111
0 0 0 0 1 1 0 0 0 0 0 1 0 0 0 1 0 0 0 0- #indice:112
0 0 0 1 0 0 0 0 1 0 1 1 0 0 1 0 0 0 0 0- #indice:113
0 0 0 1 0 0 0 0 1 0 0 0 0 1 0 0 0 0 0 0- #indice:114
0 0 0 1 0 0 1 0 0 1 0 0 0 0 1 0 0 0 0 0- #indice:115
0 0 0 0 0 0 0 0 1 0 0 0 0 0 0 0 0 1 0 0- #indice:116
0 0 1 0 0 1 0 1 0 0 0 0 0 0 0 0 1 0 0 0- #indice:117
0 0 0 0 0 0 0 1 0 1 0 0 0 0 0 1 0 1 0 0- #indice:118
1 0 0 0 0 1 0 0 0 1 0 0 0 0 0 0 1 0 0 1- #indice:119
0 0 0 1 1 0 0 0 1 1 1 0 0 0 0 1 0 0 0 0- #indice:120
1 0 0 0 0 0 0 0 0 0 0 0 0 0 0 0 0 0 0 0- #indice:121
1 1 0 0 0 0 1 0 0 0 1 0 0 0 1 0 0 0 1 1- #indice:122
0 1 1 1 0 1 0 0 0 0 0 1 0 1 1 0 0 0 0 1- #indice:123
0 1 1 0 1 0 0 0 1 0 0 0 0 0 1 1 0 0 0 0- #indice:124
0 0 0 0 0 0 0 1 0 0 0 0 0 0 0 0 1 0 0 0- #indice:125
0 0 0 1 1 0 0 0 0 0 1 0 0 1 0 1 1 0 0 1- #indice:126
0 0 0 0 0 1 0 0 0 0 0 0 1 0 0 0 0 1 0 0- #indice:127
1 0 0 0 0 0 0 1 0 1 0 0 0 0 0 0 1 0 0 0- #indice:128
1 0 0 0 0 1 0 0 0 0 0 0 0 0 0 0 0 1 0 1- #indice:129
1 0 1 0 0 1 0 0 0 0 0 0 0 1 0 1 0 0 0 0- #indice:130
0 0 0 0 0 0 0 0 0 1 1 0 0 0 0 0 0 0 1 0- #indice:131
1 0 1 0 0 0 1 1 1 0 0 0 0 0 0 0 0 0 1 1- #indice:132
1 0 0 0 0 0 0 0 0 0 0 0 1 0 1 1 0 1 0 0- #indice:133
0 0 0 0 1 0 0 0 1 0 0 0 0 1 0 1 1 0 0 0- #indice:134
0 0 0 0 0 0 1 1 0 0 0 0 1 0 1 0 1 1 0 0- #indice:135
1 0 0 0 0 0 1 1 0 0 0 0 1 0 0 0 1 0 0 1- #indice:136
0 0 0 1 0 0 1 0 0 0 1 1 0 0 0 0 0 1 1 0- #indice:137
1 0 0 0 0 0 0 1 0 0 0 0 0 1 0 0 0 0 0 0- #indice:138
1 1 0 0 0 0 0 0 0 1 0 0 0 1 1 1 0 0 0 0- #indice:139
1 0 0 0 0 0 0 0 0 0 0 1 0 0 0 0 0 1 1 0- #indice:140
0 1 0 0 0 1 0 0 0 0 0 0 0 0 0 0 0 0 0 1- #indice:141
0 0 1 1 0 0 0 0 1 0 0 1 0 1 1 0 0 0 0 0- #indice:142
1 0 0 0 1 1 0 0 0 1 0 0 0 0 1 0 0 1 0 0- #indice:143
0 1 0 0 0 1 0 1 0 0 0 0 0 0 0 0 0 0 0 1- #indice:144
1 1 0 1 0 1 1 0 0 0 1 0 1 0 0 0 0 0 0 0- #indice:145
0 1 0 1 0 1 0 0 1 0 0 0 1 0 0 0 0 0 0 0- #indice:146
0 0 0 0 0 0 0 0 1 0 0 0 0 0 0 0 0 0 0 0- #indice:147
1 1 0 1 1 0 0 0 0 0 0 0 1 0 0 0 1 0 0 0- #indice:148
0 0 0 0 1 1 0 0 1 0 1 0 0 0 0 1 1 0 0 0- #indice:149
1 1 1 1 0 0 0 0 0 0 1 1 0 1 0 1 1 0 0 0- #indice:150
0 0 0 1 0 0 1 0 0 0 0 0 0 0 0 0 0 0 0 0- #indice:151
0 0 1 0 0 0 1 0 0 1 0 0 0 0 0 1 0 0 0 0- #indice:152
1 0 0 0 0 0 0 0 0 0 1 0 0 0 1 0 1 0 0 0- #indice:153
0 0 1 0 1 0 0 0 0 0 0 0 0 1 0 0 0 1 0 0- #indice:154
0 0 0 1 1 1 0 0 0 0 1 0 0 1 1 0 1 0 0 1- #indice:155
0 0 0 0 1 1 1 0 0 0 1 0 0 0 0 1 0 0 0 1- #indice:156
0 0 0 0 0 0 1 0 1 0 0 0 0 0 0 1 0 0 0 0- #indice:157
0 0 1 0 1 1 0 0 1 0 1 0 1 0 0 1 1 0 1 0- #indice:158
0 0 0 0 1 0 0 1 0 0 0 0 1 0 0 0 0 0 0 0- #indice:159
0 0 0 0 1 1 0 0 1 0 0 0 0 0 0 1 1 0 0 0- #indice:160
1 1 0 0 0 0 0 0 0 0 0 0 0 0 0 1 0 0 0 1- #indice:161
0 1 0 1 0 0 0 0 0 1 0 0 0 0 0 0 0 0 0 0- #indice:162
0 0 0 0 1 1 1 0 0 0 0 0 0 0 0 0 1 0 1 1- #indice:163
0 0 0 0 0 0 1 0 0 0 0 0 1 1 0 1 0 0 0 0- #indice:164
0 0 1 0 1 0 0 0 0 1 0 1 0 0 1 0 0 0 0 1- #indice:165
0 0 0 0 0 0 0 0 0 0 1 0 0 0 1 1 0 1 0 0- #indice:166
0 1 0 0 0 1 0 0 0 0 1 0 0 0 1 0 1 0 0 0- #indice:167
1 0 1 1 1 1 0 0 1 0 1 0 1 0 0 1 0 0 1 0- #indice:168
0 0 0 0 0 0 0 0 0 1 0 1 0 1 0 0 1 1 0 0- #indice:169
0 0 0 0 0 0 0 0 0 0 0 0 1 0 0 0 0 1 1 0- #indice:170
0 0 0 1 0 0 0 1 0 0 0 0 0 0 0 0 0 0 0 0- #indice:171
0 0 1 0 0 0 0 0 1 1 0 0 1 0 0 0 0 0 1 0- #indice:172
1 0 1 1 0 0 0 1 0 1 0 0 0 0 0 0 1 1 1 1- #indice:173
0 1 0 0 0 0 0 0 1 0 0 1 0 0 0 0 1 0 0 1- #indice:174
0 0 0 1 0 0 0 0 1 0 0 0 0 0 1 0 1 1 0 0- #indice:175
0 0 0 0 0 0 0 0 0 0 0 0 0 0 0 0 0 0 1 0- #indice:176
0 0 0 0 0 0 1 0 0 1 1 0 1 0 1 0 1 0 0 1- #indice:177
1 0 0 1 0 0 1 1 0 0 1 0 0 0 0 0 0 0 0 1- #indice:178
0 0 0 0 0 1 0 0 0 0 0 0 0 0 0 0 0 1 0 0- #indice:179
0 0 0 0 0 0 0 1 0 0 0 0 0 0 0 0 0 0 0 1- #indice:180
0 0 0 0 0 0 0 0 0 0 1 1 0 1 1 0 0 0 0 0- #indice:181
0 0 0 0 0 0 0 0 1 0 1 0 0 0 0 0 1 0 1 0- #indice:182
0 0 1 0 0 0 0 0 0 0 1 1 1 0 0 0 0 0 0 0- #indice:183
0 0 0 1 0 0 0 0 0 0 0 0 0 0 1 0 0 0 0 1- #indice:184
1 1 1 0 0 0 1 0 1 0 0 0 0 0 0 1 0 0 0 0- #indice:185
1 0 0 0 0 0 0 0 0 0 0 0 1 1 0 0 0 0 1 0- #indice:186
1 0 0 0 0 0 1 1 1 0 0 1 0 0 0 0 0 0 0 0- #indice:187
0 0 0 0 1 0 0 0 1 0 1 1 0 0 1 1 0 1 0 0- #indice:188
0 0 1 1 0 0 1 0 1 0 0 1 0 0 1 0 0 0 0 0- #indice:189
0 0 0 0 0 0 0 0 1 0 0 0 1 0 1 1 0 1 0 0- #indice:190
1 0 1 0 0 1 1 0 0 0 0 1 0 0 0 0 0 0 1 0- #indice:191
0 0 0 0 1 1 0 1 1 1 0 0 0 0 0 0 0 0 1 0- #indice:192
0 0 1 0 0 0 0 0 0 0 0 0 0 0 1 0 0 0 0 0- #indice:193
0 0 0 1 1 0 0 0 0 0 1 1 0 0 0 0 0 0 1 0- #indice:194
0 0 0 0 0 0 0 0 1 0 0 1 0 0 0 0 0 1 0 0- #indice:195
0 1 0 0 0 0 0 0 0 0 0 0 0 0 1 0 0 0 1 0- #indice:196
1 0 1 0 0 0 0 0 1 1 0 0 0 0 0 0 1 1 0 0- #indice:197
0 0 1 0 0 1 0 0 0 0 0 0 0 1 0 0 0 1 0 0- #indice:198
1 0 1 0 0 0 1 0 0 1 0 0 0 0 0 0 0 0 0 0- #indice:199

#Dimensioni: 
A = 1712 bytes
B = 75304 bytes
COV = 5368 bytes

#Risultato COV =
{63, 31, 19, 17, 16, 14}
{85, 82, 65, 64, 45, 31}
{91, 78, 69, 64, 4}
{91, 82, 63, 62, 3}
{95, 91, 88, 61, 15, 7}
{97, 96, 79, 65, 40, 15}
{99, 80, 67, 57, 56, 23}
{100, 88, 61, 40, 15, 7, 5}
{104, 80, 67, 41, 24, 6}
{106, 101, 100, 52, 47, 24}
{113, 104, 91, 82, 65, 45, 35}
{114, 112, 104, 100, 91, 80, 71, 41}
{115, 74, 46, 45, 31, 16}
{116, 82, 71, 70, 50, 31, 28}
{116, 89, 71, 47, 43, 18}
{116, 91, 90, 88, 16, 11, 5}
{116, 106, 100, 91, 80, 57, 47, 24}
{116, 112, 71, 63, 31, 17, 16, 5}
{116, 115, 112, 109, 71, 57, 16}
{119, 81, 64, 61, 5}
{121, 114, 112, 104, 100, 91, 80, 41}
{121, 116, 82, 70, 50, 31, 28}
{121, 116, 89, 47, 43, 18}
{121, 116, 112, 63, 31, 17, 16, 5}
{121, 116, 115, 112, 109, 57, 16}
{122, 112, 99, 91, 35, 7}
{123, 96, 91, 71, 61, 50}
{123, 116, 96, 91, 50, 45}
{123, 121, 96, 91, 61, 50}
{125, 29, 15, 1}
{125, 82, 71, 65, 64, 61, 57}
{125, 99, 82, 79, 57, 50, 45}
{125, 116, 82, 65, 64, 57, 45}
{125, 121, 82, 65, 64, 61, 57}
{127, 91, 77, 73, 71, 65, 30}
{127, 121, 91, 77, 73, 65, 30}
{129, 97, 96, 91, 65, 64}
{130, 116, 115, 108, 77, 31}
{131, 91, 87, 79, 78}
{131, 100, 91, 88, 82, 71, 61, 17}
{131, 116, 100, 91, 88, 82, 45, 17}
{131, 121, 100, 91, 88, 82, 61, 17}
{131, 125, 116, 88, 82, 71, 11}
{131, 125, 121, 116, 88, 82, 11}
{137, 119, 81, 30}
{138, 116, 112, 104, 100, 7, 5}
{140, 96, 40, 30, 24, 0}
{140, 97, 96, 63, 40, 24}
{140, 125, 110, 30, 0}
{140, 125, 110, 97, 63}
{141, 96, 91, 71, 65, 64, 61}
{141, 99, 96, 91, 79, 50, 45}
{141, 116, 96, 91, 65, 64, 45}
{141, 121, 96, 91, 65, 64, 61}
{141, 135, 114, 77, 65, 45}
{142, 91, 50, 45, 8, 5}
{142, 131, 127, 87, 31}
{144, 96, 71, 65, 64, 61}
{144, 99, 96, 79, 50, 45}
{144, 116, 96, 65, 64, 45}
{144, 121, 96, 65, 64, 61}
{146, 66, 65, 47, 35, 5}
{146, 100, 71, 67, 52, 50}
{146, 121, 100, 67, 52, 50}
{147, 91, 65, 64, 45, 8, 5}
{147, 94, 71, 65, 47, 35, 17}
{147, 100, 91, 88, 69, 15, 7, 5}
{147, 104, 100, 80, 71, 67, 41, 24}
{147, 105, 100, 91, 88, 17, 15, 5}
{147, 106, 100, 80, 77, 69, 31, 24}
{147, 112, 84, 71, 63, 52, 31}
{147, 112, 100, 80, 53, 31, 17, 12}
{147, 115, 112, 91, 83, 71, 57, 35}
{147, 121, 94, 65, 47, 35, 17}
{147, 121, 104, 100, 80, 67, 41, 24}
{147, 121, 112, 84, 63, 52, 31}
{147, 121, 115, 112, 91, 83, 57, 35}
{147, 125, 88, 80, 41, 15, 11}
{147, 135, 131, 88, 45, 26}
{147, 141, 91, 79, 65, 45, 16, 5}
{147, 144, 79, 65, 45, 16, 5}
{148, 91, 80, 77, 46, 30}
{151, 91, 77, 71, 65, 30, 8}
{151, 112, 48, 40, 16, 0}
{151, 112, 83, 48, 42, 31}
{151, 112, 104, 86, 63, 12}
{151, 116, 112, 91, 71, 63, 57, 16}
{151, 121, 91, 77, 65, 30, 8}
{151, 121, 116, 112, 91, 63, 57, 16}
{151, 127, 67, 57, 50, 6}
{151, 127, 100, 92, 74, 71}
{151, 127, 121, 100, 92, 74}
{151, 134, 127, 77, 66, 0}
{151, 138, 127, 124, 77, 42}
{151, 141, 67, 50, 41, 6}
{151, 143, 99, 67, 57, 16}
{151, 147, 125, 112, 104, 71, 63, 41}
{151, 147, 125, 121, 112, 104, 63, 41}
{151, 147, 127, 100, 71, 67, 57, 50}
{151, 147, 127, 121, 100, 67, 57, 50}
{151, 147, 131, 127, 100, 88, 45, 40}
{151, 147, 141, 100, 71, 67, 50, 41}
{151, 147, 141, 121, 100, 67, 50, 41}
{152, 57, 53, 23, 2}
{152, 141, 113, 91, 56, 35}
{152, 144, 113, 56, 35}
{153, 116, 109, 104, 98}
{153, 127, 111, 99, 88, 80}
{153, 151, 116, 112, 53, 40, 0}
{153, 151, 147, 127, 104, 67, 65}
{154, 141, 113, 91, 80, 45, 16}
{154, 141, 115, 86, 77, 45}
{154, 144, 113, 80, 45, 16}
{154, 147, 131, 82, 71, 31, 28}
{154, 147, 131, 121, 82, 31, 28}
{154, 153, 101, 82, 47, 17}
{154, 153, 146, 80, 47, 40}
{156, 147, 91, 79, 71, 16, 0}
{156, 147, 121, 91, 79, 16, 0}
{157, 125, 123, 71, 50, 41}
{157, 125, 123, 121, 50, 41}
{157, 127, 125, 71, 65, 64, 57}
{157, 127, 125, 121, 65, 64, 57}
{157, 131, 127, 100, 91, 88, 71, 17}
{157, 131, 127, 121, 100, 91, 88, 17}
{157, 141, 125, 71, 65, 64, 41}
{157, 141, 125, 121, 65, 64, 41}
{159, 141, 114, 100, 80, 47, 12}
{159, 141, 115, 99, 77, 45, 35}
{159, 157, 141, 140, 63, 43}
{160, 91, 83, 80, 79, 71, 57}
{160, 121, 91, 83, 80, 79, 57}
{161, 91, 83, 80, 74, 23}
{161, 142, 127, 125, 50, 5}
{161, 147, 127, 125, 65, 64, 5}
{162, 100, 53, 40, 19, 14}
{162, 112, 91, 53, 52, 6}
{162, 116, 112, 95, 91, 71, 53}
{162, 116, 112, 100, 71, 53, 40, 5}
{162, 121, 116, 112, 95, 91, 53}
{162, 121, 116, 112, 100, 53, 40, 5}
{162, 147, 112, 83, 66, 35, 5}
{162, 147, 112, 100, 91, 71, 53, 52}
{162, 147, 121, 112, 100, 91, 53, 52}
{162, 154, 153, 147, 82, 47, 40}
{164, 140, 99, 89, 43, 31}
{165, 164, 116, 43, 31, 15}
{166, 147, 91, 88, 80, 71, 26, 16}
{166, 147, 121, 91, 88, 80, 26, 16}
{166, 151, 99, 90, 88, 40, 16}
{166, 151, 147, 119, 91, 88, 83}
{167, 151, 116, 106, 65, 47, 40}
{167, 164, 147, 140, 91, 65, 17}
{169, 97, 83, 66, 24, 5}
{169, 145, 99, 91, 33}
{170, 80, 67, 57, 24, 6}
{170, 114, 112, 100, 91, 80, 71, 57}
{170, 121, 114, 112, 100, 91, 80, 57}
{170, 147, 100, 80, 71, 67, 57, 24}
{170, 147, 121, 100, 80, 67, 57, 24}
{170, 147, 125, 90, 88, 11, 5}
{170, 151, 147, 125, 112, 71, 63, 57}
{170, 151, 147, 125, 121, 112, 63, 57}
{170, 153, 151, 147, 141, 67, 65}
{170, 161, 117, 115, 74}
{170, 162, 147, 138, 112, 95}
{171, 100, 88, 82, 60, 12}
{171, 116, 112, 100, 80, 71, 57, 53}
{171, 116, 112, 104, 96, 71, 63}
{171, 121, 116, 112, 100, 80, 57, 53}
{171, 121, 116, 112, 104, 96, 63}
{171, 127, 100, 88, 71, 60, 5}
{171, 127, 104, 100, 80, 74, 45}
{171, 127, 121, 100, 88, 60, 5}
{171, 131, 88, 82, 69, 6}
{171, 141, 140, 96, 65, 30}
{171, 147, 105, 95, 88, 15}
{171, 147, 131, 100, 88, 82, 71, 69}
{171, 147, 131, 121, 100, 88, 82, 69}
{171, 169, 78, 71, 33, 5}
{171, 169, 121, 78, 33, 5}
{171, 170, 141, 100, 80, 74, 45}
{172, 88, 45, 40, 23, 5}
{172, 167, 67, 19, 17}
{174, 166, 138, 83, 80, 24}
{174, 170, 91, 63, 45, 24, 5}
{175, 112, 71, 53, 40, 5, 0}
{175, 121, 112, 53, 40, 5, 0}
{175, 138, 82, 65, 57, 47}
{175, 138, 112, 83, 80, 57}
{175, 141, 106, 91, 65, 47, 5}
{175, 144, 106, 65, 47, 5}
{175, 159, 141, 80, 71, 70, 47}
{175, 159, 141, 121, 80, 70, 47}
{175, 164, 141, 91, 77, 71, 65}
{175, 164, 141, 121, 91, 77, 65}
{175, 164, 144, 77, 71, 65}
{175, 164, 144, 121, 77, 65}
{176, 105, 100, 51, 31, 24}
{176, 116, 96, 91, 90, 88, 11}
{176, 116, 112, 96, 71, 63, 31, 17}
{176, 121, 116, 112, 96, 63, 31, 17}
{176, 127, 100, 80, 74, 45, 31, 17}
{176, 127, 107, 99, 88, 80, 71, 43}
{176, 127, 121, 107, 99, 88, 80, 43}
{176, 138, 116, 100, 98, 57}
{176, 141, 86, 79, 65, 45, 5}
{176, 147, 112, 91, 73, 71, 63, 41}
{176, 147, 121, 112, 91, 73, 63, 41}
{176, 147, 125, 82, 79, 65, 57, 45}
{176, 147, 128, 127, 88, 11, 5}
{176, 147, 141, 96, 91, 79, 65, 45}
{176, 147, 144, 96, 79, 65, 45}
{176, 151, 141, 105, 100, 91, 74, 71}
{176, 151, 141, 121, 105, 100, 91, 74}
{176, 151, 144, 105, 100, 74, 71}
{176, 151, 144, 121, 105, 100, 74}
{176, 152, 147, 127, 88, 66, 43}
{176, 153, 118, 99, 88, 82, 17}
{176, 153, 152, 147, 127, 91, 88, 17}
{176, 154, 113, 82, 45, 42, 31}
{176, 156, 86, 79, 71, 0}
{176, 156, 121, 86, 79, 0}
{176, 157, 100, 91, 90, 88, 41, 17}
{176, 157, 153, 91, 88, 46, 7}
{176, 159, 152, 141, 113, 71, 35}
{176, 159, 152, 141, 121, 113, 35}
{176, 161, 113, 91, 82, 65, 35}
{176, 162, 100, 91, 82, 74, 71, 69}
{176, 162, 116, 112, 106, 95, 91}
{176, 162, 116, 112, 106, 100, 40, 5}
{176, 162, 121, 100, 91, 82, 74, 69}
{176, 162, 147, 112, 106, 100, 91, 52}
{176, 165, 97, 55, 43}
{176, 165, 146, 91, 45, 35, 5}
{176, 166, 88, 86, 80, 71, 26}
{176, 166, 121, 88, 86, 80, 26}
{176, 166, 128, 99, 88, 82, 17}
{176, 171, 116, 112, 106, 100, 80, 57}
{176, 171, 161, 127, 100, 80, 74}
{176, 171, 166, 99, 88, 82, 71, 42}
{176, 171, 166, 121, 99, 88, 82, 42}
{176, 174, 133, 91, 80, 70, 24}
{176, 175, 82, 71, 67, 65, 57}
{176, 175, 112, 106, 40, 5, 0}
{176, 175, 121, 82, 67, 65, 57}
{177, 140, 109, 97, 24}
{179, 80, 74, 71, 31, 16, 11}
{179, 97, 96, 71, 65, 64, 40}
{179, 106, 99, 50, 31, 28, 5}
{179, 113, 91, 87, 53, 0}
{179, 115, 109, 108, 97, 77, 71}
{179, 121, 80, 74, 31, 16, 11}
{179, 121, 97, 96, 65, 64, 40}
{179, 121, 115, 109, 108, 97, 77}
{179, 125, 124, 106, 80, 77, 17}
{179, 147, 71, 65, 53, 31, 28, 5}
{179, 147, 80, 70, 56, 31, 28}
{179, 147, 81, 64, 45, 42, 5}
{179, 147, 107, 88, 83, 80, 71, 43}
{179, 147, 108, 91, 64, 45, 5, 0}
{179, 147, 115, 108, 71, 70, 47, 31}
{179, 147, 121, 65, 53, 31, 28, 5}
{179, 147, 121, 107, 88, 83, 80, 43}
{179, 147, 121, 115, 108, 70, 47, 31}
{179, 148, 147, 63, 47, 40, 5}
{179, 151, 81, 77, 71, 42, 30}
{179, 151, 107, 74, 71, 16, 0}
{179, 151, 108, 91, 77, 71, 30, 0}
{179, 151, 108, 97, 91, 77, 71, 63}
{179, 151, 121, 81, 77, 42, 30}
{179, 151, 121, 107, 74, 16, 0}
{179, 151, 121, 108, 91, 77, 30, 0}
{179, 151, 121, 108, 97, 91, 77, 63}
{179, 151, 124, 106, 91, 77, 42}
{179, 151, 139, 108, 99, 91, 77}
{179, 151, 147, 108, 77, 63, 45, 31}
{179, 157, 148, 77, 63, 40}
{179, 159, 114, 100, 80, 71, 57, 47}
{179, 159, 121, 114, 100, 80, 57, 47}
{179, 159, 147, 77, 73, 63, 45}
{179, 161, 86, 65, 64, 5}
{179, 161, 125, 115, 83, 74}
{179, 161, 142, 96, 91, 50}
{179, 161, 147, 96, 91, 65, 64}
{179, 161, 159, 114, 100, 80, 77}
{179, 162, 147, 95, 67, 56}
{179, 162, 147, 125, 77, 71, 1}
{179, 162, 147, 125, 121, 77, 1}
{179, 164, 125, 113, 104, 71, 65}
{179, 164, 125, 121, 113, 104, 65}
{179, 165, 114, 45, 31, 16, 5}
{179, 165, 138, 97, 84, 5}
{179, 165, 157, 71, 53, 43, 31}
{179, 165, 157, 121, 53, 43, 31}
{179, 176, 147, 95, 91, 88, 45, 7}
{179, 176, 147, 100, 88, 45, 40, 7, 5}
{179, 176, 147, 106, 65, 31, 28, 5}
{179, 176, 165, 114, 96, 45, 31}
{179, 176, 165, 157, 106, 43, 31}
{179, 176, 165, 164, 147, 71, 43, 31}
{179, 176, 165, 164, 147, 121, 43, 31}
{179, 176, 174, 159, 115, 70, 45}
{179, 177, 176, 171, 99, 88, 45}
{180, 97, 96, 79, 65, 15}
{180, 100, 88, 61, 15, 7, 5}
{180, 140, 96, 30, 24, 0}
{180, 140, 97, 96, 63, 24}
{180, 151, 112, 48, 16, 0}
{180, 151, 147, 131, 127, 100, 88, 45}
{180, 153, 151, 116, 112, 53, 0}
{180, 154, 153, 146, 80, 47}
{180, 162, 100, 53, 19, 14}
{180, 162, 116, 112, 100, 71, 53, 5}
{180, 162, 121, 116, 112, 100, 53, 5}
{180, 162, 154, 153, 147, 82, 47}
{180, 166, 151, 99, 90, 88, 16}
{180, 167, 151, 116, 106, 65, 47}
{180, 172, 88, 45, 23, 5}
{180, 175, 112, 71, 53, 5, 0}
{180, 175, 121, 112, 53, 5, 0}
{180, 176, 162, 116, 112, 106, 100, 5}
{180, 176, 175, 112, 106, 5, 0}
{180, 179, 97, 96, 71, 65, 64}
{180, 179, 121, 97, 96, 65, 64}
{180, 179, 148, 147, 63, 47, 5}
{180, 179, 157, 148, 77, 63}
{180, 179, 176, 147, 100, 88, 45, 7, 5}
{181, 99, 80, 71, 69, 31, 24, 16}
{181, 118, 99, 82, 72, 17}
{181, 121, 99, 80, 69, 31, 24, 16}
{181, 127, 99, 91, 73, 50, 45}
{181, 151, 81, 61, 42, 15}
{181, 151, 99, 91, 50, 45, 8}
{181, 151, 108, 91, 61, 15, 0}
{181, 151, 125, 78, 71, 69, 50}
{181, 151, 125, 121, 78, 69, 50}
{181, 151, 129, 97, 91, 65, 16}
{181, 151, 141, 91, 71, 65, 61, 16}
{181, 151, 141, 116, 91, 65, 45, 16}
{181, 151, 141, 121, 91, 65, 61, 16}
{181, 151, 144, 71, 65, 61, 16}
{181, 151, 144, 116, 65, 45, 16}
{181, 151, 144, 121, 65, 61, 16}
{181, 151, 147, 127, 125, 104, 65, 45}
{181, 152, 147, 127, 91, 72, 17}
{181, 157, 91, 72, 46, 7}
{181, 157, 129, 84, 65, 31}
{181, 161, 125, 116, 83, 80, 24}
{181, 161, 151, 127, 125, 99, 50}
{181, 162, 157, 125, 56, 46}
{181, 170, 151, 147, 141, 125, 65, 45}
{181, 170, 160, 151, 71, 40, 0}
{181, 170, 160, 151, 121, 40, 0}
{181, 170, 161, 125, 99, 80, 24}
{181, 176, 136, 61, 24, 0}
{181, 176, 147, 127, 91, 73, 65, 45}
{181, 176, 151, 119, 81, 61}
{181, 176, 151, 147, 91, 65, 45, 8}
{181, 176, 161, 151, 147, 127, 125, 65}
{181, 176, 162, 127, 99, 91, 87}
{181, 176, 171, 147, 127, 87, 0}
{181, 176, 171, 157, 71, 65, 8}
{181, 176, 171, 157, 121, 65, 8}
{181, 179, 151, 97, 71, 65, 40, 16}
{181, 179, 151, 104, 86, 65, 45}
{181, 179, 151, 121, 97, 65, 40, 16}
{181, 179, 157, 71, 65, 31, 17, 16}
{181, 179, 157, 121, 65, 31, 17, 16}
{181, 179, 157, 125, 56, 17, 0}
{181, 179, 161, 151, 147, 91, 65, 16}
{181, 179, 162, 147, 91, 87, 83}
{181, 179, 176, 99, 87, 31, 7}
{181, 179, 176, 151, 147, 81, 45, 42}
{181, 179, 176, 151, 147, 108, 91, 45, 0}
{181, 179, 176, 152, 148, 147, 40}
{181, 179, 176, 161, 151, 86, 65}
{181, 179, 176, 171, 157, 108, 71, 0}
{181, 179, 176, 171, 157, 121, 108, 0}
{181, 180, 170, 160, 151, 71, 0}
{181, 180, 170, 160, 151, 121, 0}
{181, 180, 179, 151, 97, 71, 65, 16}
{181, 180, 179, 151, 121, 97, 65, 16}
{181, 180, 179, 176, 152, 148, 147}
{182, 127, 91, 88, 80, 71, 11}
{182, 127, 121, 91, 88, 80, 11}
{182, 133, 91, 88, 80, 26}
{182, 159, 152, 141, 79, 71}
{182, 159, 152, 141, 121, 79}
{182, 161, 91, 82, 79, 65}
{183, 151, 147, 90, 35, 33, 31}
{183, 171, 163, 139, 116}
{183, 176, 97, 80, 66, 35, 24}
{183, 176, 134, 129, 115, 31}
{183, 176, 151, 97, 91, 89, 71, 35}
{183, 176, 151, 121, 97, 91, 89, 35}
{183, 176, 151, 147, 89, 45, 35, 31}
{183, 179, 91, 73, 71, 50, 30}
{183, 179, 91, 80, 72, 30, 17}
{183, 179, 114, 107, 80, 72}
{183, 179, 121, 91, 73, 50, 30}
{183, 179, 134, 115, 104, 91, 71}
{183, 179, 134, 121, 115, 104, 91}
{184, 97, 91, 82, 77, 71, 65, 35}
{184, 112, 101, 83, 71, 35, 5}
{184, 116, 112, 80, 71, 70, 31, 16}
{184, 118, 99, 96, 88, 15}
{184, 121, 97, 91, 82, 77, 65, 35}
{184, 121, 112, 101, 83, 35, 5}
{184, 121, 116, 112, 80, 70, 31, 16}
{184, 125, 53, 19, 14, 0}
{184, 125, 90, 88, 83, 61, 5}
{184, 125, 105, 99, 88, 15, 5}
{184, 125, 116, 112, 71, 53, 5, 0}
{184, 125, 121, 116, 112, 53, 5, 0}
{184, 138, 116, 112, 16, 5, 0}
{184, 147, 82, 77, 65, 45, 35, 31}
{184, 147, 90, 81, 47, 35, 5}
{184, 152, 147, 125, 88, 41, 15}
{184, 154, 80, 71, 31, 16, 14}
{184, 154, 121, 80, 31, 16, 14}
{184, 154, 128, 97, 82, 77}
{184, 154, 147, 96, 90, 47, 31}
{184, 157, 90, 81, 77, 35}
{184, 172, 112, 71, 35, 31, 5}
{184, 172, 121, 112, 35, 31, 5}
{184, 176, 81, 80, 71, 35, 14}
{184, 176, 121, 81, 80, 35, 14}
{184, 176, 125, 116, 112, 106, 5, 0}
{184, 176, 138, 116, 112, 96, 0}
{184, 176, 147, 117, 88, 80, 45, 41}
{184, 176, 147, 117, 105, 88, 71, 5}
{184, 176, 147, 121, 117, 105, 88, 5}
{184, 179, 152, 74, 71, 31, 16}
{184, 179, 152, 121, 74, 31, 16}
{184, 179, 172, 125, 88, 45, 5}
{184, 182, 152, 127, 91, 88, 71}
{184, 182, 152, 127, 121, 91, 88}
{184, 183, 179, 176, 134, 80, 71, 31}
{184, 183, 179, 176, 134, 121, 80, 31}
{185, 181, 127, 125, 50, 17}
{185, 181, 170, 91, 42, 24}
{186, 162, 116, 112, 95, 91}
{186, 162, 116, 112, 100, 40, 5}
{186, 162, 147, 112, 100, 91, 52}
{186, 171, 116, 112, 100, 80, 57}
{186, 175, 112, 40, 5, 0}
{186, 179, 147, 65, 31, 28, 5}
{186, 179, 165, 157, 43, 31}
{186, 180, 162, 116, 112, 100, 5}
{186, 180, 175, 112, 5, 0}
{186, 184, 125, 116, 112, 5, 0}
{188, 141, 109, 84, 80, 71}
{188, 141, 121, 109, 84, 80}
{189, 159, 141, 131, 45, 35}
{190, 176, 128, 88, 26, 5}
{193, 80, 56, 35, 31, 17, 14}
{193, 90, 88, 84, 61, 40, 5}
{193, 91, 90, 88, 61, 17, 16, 5}
{193, 105, 91, 74, 73, 15}
{193, 106, 85, 80, 47, 31, 24}
{193, 110, 101, 71, 47, 35}
{193, 112, 68, 20, 5}
{193, 116, 80, 71, 67, 57, 24, 16}
{193, 116, 106, 47, 42, 31, 24, 5}
{193, 116, 111, 96, 90, 88}
{193, 116, 112, 106, 104, 91, 80, 43}
{193, 121, 110, 101, 47, 35}
{193, 121, 116, 80, 67, 57, 24, 16}
{193, 125, 114, 112, 104, 80, 71, 41}
{193, 125, 116, 106, 80, 57, 47, 24}
{193, 125, 121, 114, 112, 104, 80, 41}
{193, 131, 116, 112, 106, 91, 73}
{193, 131, 125, 88, 82, 71, 61, 17}
{193, 131, 125, 116, 88, 82, 45, 17}
{193, 131, 125, 121, 88, 82, 61, 17}
{193, 134, 127, 80, 77, 71, 31, 17}
{193, 134, 127, 121, 80, 77, 31, 17}
{193, 138, 116, 112, 84, 80, 57}
{193, 140, 126, 101, 82}
{193, 141, 116, 80, 67, 56, 43}
{193, 141, 140, 134, 91, 7, 5}
{193, 144, 140, 134, 7, 5}
{193, 147, 91, 90, 88, 84, 69, 5}
{193, 147, 112, 104, 91, 71, 35, 7, 5}
{193, 147, 118, 96, 88, 17, 15}
{193, 147, 121, 112, 104, 91, 35, 7, 5}
{193, 147, 125, 88, 69, 15, 7, 5}
{193, 147, 125, 105, 88, 17, 15, 5}
{193, 151, 90, 74, 69, 31, 16}
{193, 151, 128, 116, 112, 57, 53}
{193, 151, 141, 106, 61, 32}
{193, 151, 141, 118, 74, 71, 16}
{193, 151, 141, 121, 118, 74, 16}
{193, 151, 147, 112, 53, 42, 31, 12}
{193, 157, 131, 127, 125, 88, 71, 17}
{193, 157, 131, 127, 125, 121, 88, 17}
{193, 159, 151, 147, 90, 57, 47, 35}
{193, 162, 116, 108, 67, 15, 5}
{193, 162, 127, 67, 62, 5}
{193, 162, 147, 125, 112, 71, 53, 52}
{193, 162, 147, 125, 121, 112, 53, 52}
{193, 162, 147, 138, 112, 52, 16}
{193, 163, 162, 147, 71, 67, 41}
{193, 163, 162, 147, 121, 67, 41}
{193, 164, 116, 77, 71, 42, 31, 24}
{193, 164, 121, 116, 77, 42, 31, 24}
{193, 169, 159, 97, 17, 15, 5}
{193, 170, 114, 112, 71, 42, 31, 5}
{193, 170, 121, 114, 112, 42, 31, 5}
{193, 170, 125, 114, 112, 80, 71, 57}
{193, 170, 125, 121, 114, 112, 80, 57}
{193, 170, 157, 90, 88, 43, 40}
{193, 171, 147, 90, 88, 69, 16, 5}
{193, 171, 157, 88, 42, 41, 15}
{193, 174, 118, 71, 53, 24, 5}
{193, 174, 121, 118, 53, 24, 5}
{193, 176, 96, 91, 90, 88, 61, 17}
{193, 176, 147, 98, 91, 71, 57, 35}
{193, 176, 147, 121, 98, 91, 57, 35}
{193, 176, 147, 127, 88, 80, 45, 43, 40}
{193, 176, 151, 127, 74, 45, 42, 31}
{193, 176, 151, 141, 125, 105, 74, 71}
{193, 176, 151, 141, 125, 121, 105, 74}
{193, 176, 157, 125, 90, 88, 41, 17}
{193, 176, 162, 125, 82, 74, 71, 69}
{193, 176, 162, 125, 121, 82, 74, 69}
{193, 176, 162, 147, 125, 112, 106, 52}
{193, 176, 169, 110, 97, 91, 71}
{193, 176, 169, 121, 110, 97, 91}
{193, 176, 169, 147, 110, 45, 31}
{193, 176, 171, 80, 74, 45, 8}
{193, 176, 171, 147, 96, 90, 88, 69}
{193, 176, 171, 147, 127, 88, 45, 42, 5}
{193, 176, 171, 157, 119, 88, 41}
{193, 176, 174, 118, 106, 24, 5}
{193, 176, 174, 138, 105, 24, 5}
{193, 179, 80, 74, 45, 31, 17, 16}
{193, 179, 114, 108, 80, 77, 45, 31}
{193, 179, 161, 91, 84, 80, 74}
{193, 179, 162, 147, 138, 108, 47, 5}
{193, 179, 162, 157, 138, 108, 77}
{193, 179, 171, 96, 88, 71, 60}
{193, 179, 171, 121, 96, 88, 60}
{193, 179, 171, 161, 80, 74, 16}
{193, 179, 176, 162, 147, 108, 71, 67, 5}
{193, 179, 176, 162, 147, 121, 108, 67, 5}
{193, 180, 90, 88, 84, 61, 5}
{193, 180, 170, 157, 90, 88, 43}
{193, 180, 176, 147, 127, 88, 80, 45, 43}
{193, 182, 118, 88, 82, 71, 17}
{193, 182, 121, 118, 88, 82, 17}
{193, 182, 127, 91, 88, 80, 45, 17}
{193, 182, 141, 67, 19, 7}
{193, 186, 162, 147, 125, 112, 52}
{193, 186, 174, 118, 24, 5}
{194, 107, 80, 78, 71, 35}
{194, 121, 107, 80, 78, 35}
{194, 141, 106, 100, 91, 80, 61}
{194, 144, 106, 100, 80, 61}
{194, 147, 107, 82, 71, 35, 0}
{194, 147, 121, 107, 82, 35, 0}
{194, 157, 91, 71, 63, 8}
{194, 157, 121, 91, 63, 8}
{194, 161, 125, 116, 82, 63}
{194, 164, 129, 101, 100}
{194, 179, 106, 100, 97, 80, 40}
{194, 179, 136, 30, 0}
{194, 179, 136, 97, 63}
{194, 180, 179, 106, 100, 97, 80}
{194, 193, 97, 55, 42}
{194, 193, 141, 125, 106, 80, 61}
{194, 193, 164, 119, 116, 31}
{194, 193, 164, 141, 128, 116}
{194, 193, 179, 157, 106, 42, 31}
{194, 193, 179, 164, 147, 71, 42, 31}
{194, 193, 179, 164, 147, 121, 42, 31}
{195, 90, 43, 33, 18}
{195, 100, 91, 80, 57, 53, 45, 24}
{195, 104, 96, 91, 63, 45, 24}
{195, 106, 100, 92, 24, 5}
{195, 138, 82, 43, 33, 0}
{195, 151, 89, 70, 45, 31, 16}
{195, 155, 83, 80, 45, 31}
{195, 156, 84, 71, 63, 31}
{195, 156, 121, 84, 63, 31}
{195, 161, 91, 63, 24, 16, 5}
{195, 162, 117, 106, 33, 5}
{195, 162, 125, 82, 71, 70, 33}
{195, 162, 125, 121, 82, 70, 33}
{195, 162, 156, 100, 91, 71, 53}
{195, 162, 156, 121, 100, 91, 53}
{195, 164, 153, 50, 31, 26}
{195, 167, 151, 65, 53, 45, 40}
{195, 176, 89, 45, 43, 18}
{195, 176, 90, 43, 31, 1}
{195, 176, 161, 96, 91, 63, 24}
{195, 176, 162, 156, 106, 100, 91}
{195, 176, 164, 153, 40, 24, 0}
{195, 176, 167, 164, 91, 71, 65, 17}
{195, 176, 167, 164, 121, 91, 65, 17}
{195, 176, 171, 164, 153, 141, 65}
{195, 180, 167, 151, 65, 53, 45}
{195, 180, 176, 164, 153, 24, 0}
{195, 184, 130, 96, 50, 31}
{195, 186, 162, 156, 100, 91}
{195, 193, 53, 45, 42, 31, 24, 5}
{195, 193, 125, 80, 57, 53, 45, 24}
{195, 193, 162, 156, 125, 71, 53}
{195, 193, 162, 156, 125, 121, 53}
{195, 193, 162, 156, 138, 16}
{195, 193, 164, 141, 91, 71, 50, 43}
{195, 193, 164, 141, 121, 91, 50, 43}
{195, 193, 164, 144, 71, 50, 43}
{195, 193, 164, 144, 121, 50, 43}
{195, 193, 176, 162, 156, 125, 106}
{195, 193, 176, 164, 128, 57, 24}
{195, 193, 186, 162, 156, 125}
{196, 109, 98, 85, 71}
{196, 112, 99, 71, 40, 35, 7, 5}
{196, 121, 109, 98, 85}
{196, 121, 112, 99, 40, 35, 7, 5}
{196, 127, 99, 67, 17, 4}
{196, 151, 138, 112, 99, 42, 41}
{196, 151, 147, 112, 109, 71, 42, 41}
{196, 151, 147, 121, 112, 109, 42, 41}
{196, 152, 127, 125, 74, 71, 17}
{196, 152, 127, 125, 121, 74, 17}
{196, 169, 110, 99, 91, 45}
{196, 169, 159, 147, 45, 26, 5}
{196, 179, 147, 96, 71, 67, 65, 17}
{196, 179, 147, 121, 96, 67, 65, 17}
{196, 180, 112, 99, 71, 35, 7, 5}
{196, 180, 121, 112, 99, 35, 7, 5}
{196, 183, 147, 80, 45, 40, 35, 24}
{196, 183, 171, 134, 129, 80}
{196, 183, 179, 134, 91, 80, 71, 17}
{196, 183, 179, 134, 121, 91, 80, 17}
{196, 183, 180, 147, 80, 45, 35, 24}
{197, 184, 112, 53, 31, 5}
{197, 196, 110, 67}
{198, 101, 56, 28, 5}
{198, 115, 108, 97, 91, 77, 71}
{198, 121, 115, 108, 97, 91, 77}
{198, 147, 115, 108, 77, 45, 31}
{198, 148, 147, 107, 80, 77}
{198, 176, 113, 108, 80, 45, 31}
{199, 88, 85, 22}
{199, 174, 166, 91, 53, 24}
{199, 175, 112, 91, 57, 53}
{199, 176, 147, 127, 107, 88, 43}
{199, 181, 147, 69, 31, 24, 16}
{199, 181, 170, 160, 31, 17}
{199, 181, 179, 176, 171, 108, 97}
{199, 184, 134, 127, 77, 31}
{199, 194, 91, 30, 8}
{199, 196, 159, 35, 17, 14}

Numero delle partizioni trovate = 657
Distribuzione della cardinalità del COV:
	Numero di elementi con cardinalità 4 = 4
	Numero di elementi con cardinalità 5 = 27
	Numero di elementi con cardinalità 6 = 156
	Numero di elementi con cardinalità 7 = 273
	Numero di elementi con cardinalità 8 = 187
	Numero di elementi con cardinalità 9 = 10
Numero di set = 168
Cardinalità = 20

#Heap
Index Count     Size  Cumulative Size             Object Name
    1   201    69848    69848                           list
    2     2     7080    76928                  numpy.ndarray
    3     1      408    77336                types.FrameType
    4     1      136    77472                       function
    5     1       72    77544               builtins.weakref
    6     2       48    77592                          float

Spazio totale di heap occupato = 75.77 KB

Tempo di esecuzione: 6660.4413986206055 millisecondi

Numero nodi visitati = 950899
Numero totale dei nodi visitati = 1606938044258990275541962092341162602522202993782792835301375
Percentuale dei nodi visitati sul totale = 0.0000%
