;;;RIASSUNTO ESECUZIONE COMPLETA
;;;matrice A
1 0 0 0 0 1 0 0 1 1 1 1 0 0 0 1 0 1 0 0- #indice:0
0 0 0 0 1 0 1 0 0 0 0 0 0 0 0 1 0 0 1 0- #indice:1
0 0 0 0 0 0 0 0 1 0 1 1 0 0 1 0 1 0 1 0- #indice:2
0 1 0 0 1 0 1 0 1 0 1 0 0 0 0 0 0 0 0 0- #indice:3
0 1 0 0 0 0 0 0 0 0 0 0 0 0 0 0 1 0 0 0- #indice:4
0 0 0 0 1 1 0 1 0 0 1 1 0 0 0 0 0 0 0 0- #indice:5
0 0 0 1 0 1 1 0 0 1 0 0 1 0 0 0 1 1 1 0- #indice:6
0 0 0 0 0 0 0 0 0 0 1 0 0 0 0 1 0 0 0 1- #indice:7
0 0 0 0 0 0 0 0 0 0 0 0 1 1 0 0 0 1 1 0- #indice:8
0 0 0 0 0 0 1 0 1 0 0 0 0 1 0 1 0 0 0 0- #indice:9
0 1 1 0 0 0 0 0 0 0 0 0 0 0 0 0 0 0 0 0- #indice:10
0 0 0 0 0 1 0 1 0 0 0 0 0 0 1 0 0 0 0 0- #indice:11
0 0 0 0 1 0 0 0 0 0 1 0 0 0 0 0 0 0 0 0- #indice:12
0 0 1 0 0 1 0 0 1 0 0 0 0 1 0 0 1 0 1 1- #indice:13
1 1 0 0 0 1 1 1 0 0 0 0 1 0 1 1 1 0 0 0- #indice:14
0 0 1 0 0 0 0 0 1 1 0 0 0 0 1 1 1 1 1 1- #indice:15
0 1 0 0 1 0 0 0 1 1 1 1 0 0 0 0 1 0 0 0- #indice:16
1 0 0 0 0 0 0 0 0 0 1 0 0 1 0 0 0 0 0 1- #indice:17
0 0 1 0 0 0 0 0 0 0 0 0 1 0 0 0 0 1 1 0- #indice:18
0 0 0 0 1 1 0 0 0 1 0 0 1 0 0 0 0 1 0 1- #indice:19
0 0 0 0 1 0 1 0 1 0 0 0 1 0 0 0 0 0 1 0- #indice:20
0 0 1 0 1 1 0 0 1 1 1 1 0 0 0 0 0 0 0 1- #indice:21
0 0 0 1 0 0 0 0 1 1 0 1 1 1 0 1 0 0 0 0- #indice:22
0 1 0 0 0 0 0 0 0 0 0 0 1 1 0 0 0 1 1 0- #indice:23
0 0 0 1 1 0 0 0 0 1 0 1 1 1 0 0 0 0 0 1- #indice:24
0 1 1 0 1 0 0 1 0 1 0 1 0 0 0 1 0 0 0 0- #indice:25
1 1 0 0 1 1 0 1 0 0 0 0 1 0 1 0 1 0 1 0- #indice:26
0 1 1 0 1 0 1 1 0 0 0 0 0 1 0 0 0 0 0 0- #indice:27
0 0 0 0 0 0 1 0 0 0 0 0 0 0 1 1 0 0 1 0- #indice:28
1 0 1 0 0 0 0 0 0 1 0 0 0 1 1 0 0 0 1 0- #indice:29
0 0 0 0 0 0 0 0 0 0 0 1 0 0 0 1 1 0 0 0- #indice:30
1 0 1 0 0 0 0 1 0 1 1 0 0 1 0 0 0 0 1 1- #indice:31
0 1 0 0 0 0 0 0 0 1 0 1 1 0 0 0 1 0 1 0- #indice:32
0 0 0 0 1 1 0 0 1 1 1 1 0 0 0 0 1 1 0 0- #indice:33
1 0 0 0 0 0 0 0 1 0 0 0 0 0 0 0 0 1 0 0- #indice:34
0 1 1 0 0 0 1 0 0 0 1 0 1 0 1 0 0 0 1 0- #indice:35
0 0 1 1 1 0 0 1 0 0 1 0 1 0 1 0 1 0 0 0- #indice:36
0 0 0 0 0 0 1 1 0 1 0 0 1 1 0 0 1 0 0 1- #indice:37
0 1 0 1 0 1 1 1 0 0 0 1 0 0 0 1 0 0 0 0- #indice:38
0 0 0 0 0 0 0 0 0 0 1 0 1 0 0 0 0 0 0 0- #indice:39
0 0 0 0 0 1 0 0 1 0 1 0 0 1 1 0 0 1 0 0- #indice:40
0 0 0 0 1 0 1 0 0 0 0 0 1 0 0 0 0 1 0 0- #indice:41
1 0 1 0 0 0 0 0 1 0 0 0 0 1 0 1 0 0 1 0- #indice:42
0 1 1 0 1 1 0 0 0 0 0 0 0 0 0 0 0 0 0 0- #indice:43
1 0 0 1 0 0 0 1 0 0 0 0 0 0 0 1 1 0 0 0- #indice:44
0 0 1 0 0 0 0 1 1 0 0 1 0 0 1 0 0 1 0 0- #indice:45
1 0 0 0 0 0 1 0 0 0 0 0 0 0 0 0 1 0 0 0- #indice:46
0 0 0 1 0 1 1 1 0 0 0 0 1 0 0 0 1 0 0 1- #indice:47
0 1 0 0 0 0 1 0 0 0 1 0 0 1 0 0 0 0 0 0- #indice:48
0 1 1 0 0 0 0 0 0 0 0 1 0 0 0 0 0 0 0 0- #indice:49
0 0 0 0 0 0 0 0 0 0 1 0 0 0 1 0 0 0 1 0- #indice:50
0 0 0 0 0 1 1 0 0 0 0 1 0 0 0 0 0 0 0 0- #indice:51
0 0 1 0 0 0 0 0 0 0 1 0 0 0 1 0 1 0 1 1- #indice:52
1 1 0 0 0 0 0 1 1 0 1 0 1 0 0 0 0 0 1 0- #indice:53
1 1 0 0 1 1 0 0 1 0 0 0 0 1 0 0 1 0 0 0- #indice:54
1 0 0 0 0 0 0 1 1 0 1 0 0 1 0 0 0 0 0 0- #indice:55
0 1 0 0 0 0 0 0 0 0 1 0 0 0 0 0 1 0 1 1- #indice:56
0 0 1 1 0 0 0 0 0 1 0 0 0 0 0 0 0 0 0 0- #indice:57
0 0 1 0 0 1 0 0 0 0 0 0 0 0 0 0 1 0 0 1- #indice:58
1 0 0 0 0 1 1 0 0 0 1 0 1 0 1 0 0 0 0 1- #indice:59
0 0 0 1 0 0 0 0 0 1 0 0 0 0 0 1 1 1 0 0- #indice:60
0 0 1 1 0 0 0 0 1 1 0 0 0 0 0 0 0 0 0 0- #indice:61
0 0 0 0 0 0 1 0 0 0 1 0 1 0 1 1 0 0 1 0- #indice:62
0 0 0 0 0 0 0 0 0 1 1 0 0 0 0 0 0 0 1 0- #indice:63
0 0 0 0 0 0 1 0 0 0 0 0 0 0 0 0 1 0 0 1- #indice:64
0 0 0 0 0 1 0 0 0 0 0 1 0 0 0 1 1 0 1 0- #indice:65
0 0 0 1 0 0 1 0 0 0 1 0 0 0 0 1 0 1 1 0- #indice:66
0 0 1 0 0 1 0 0 0 1 0 0 1 0 0 1 0 0 0 0- #indice:67
0 0 0 0 0 1 1 1 0 1 1 0 0 0 0 0 0 1 0 0- #indice:68
0 0 0 0 0 1 0 0 0 1 1 0 1 1 0 0 1 1 1 1- #indice:69
0 0 0 0 0 0 1 0 0 0 1 1 0 0 0 0 0 0 0 0- #indice:70
1 1 0 0 0 0 0 0 0 0 0 1 1 1 1 0 0 1 0 1- #indice:71
1 0 1 1 0 0 0 0 0 0 0 0 0 0 0 1 0 0 0 1- #indice:72
0 0 0 0 0 1 0 0 0 0 0 0 0 0 0 0 0 1 0 0- #indice:73
0 0 1 0 0 0 0 0 0 1 0 0 0 0 0 0 1 0 1 1- #indice:74
0 0 0 0 1 0 0 0 1 0 0 1 0 0 0 0 0 1 0 1- #indice:75
0 0 1 1 0 0 0 0 0 1 0 0 0 1 0 0 0 0 0 0- #indice:76
1 0 0 0 0 0 0 0 0 1 0 0 0 0 0 0 0 0 1 0- #indice:77
1 1 0 0 0 0 0 0 0 0 0 0 1 0 0 0 0 0 1 1- #indice:78
0 1 0 0 1 0 0 1 0 0 0 1 0 1 0 0 0 0 0 0- #indice:79
0 1 0 0 0 0 0 0 0 0 1 0 0 1 0 0 0 0 0 0- #indice:80
0 0 1 0 0 0 0 1 0 1 1 0 0 0 0 0 0 0 1 0- #indice:81
1 0 0 1 0 0 0 1 1 1 0 0 0 0 1 1 0 1 1 0- #indice:82
0 1 1 0 0 1 0 0 1 0 0 1 1 0 1 0 1 1 0 0- #indice:83
0 1 0 0 0 0 0 0 0 1 1 1 0 0 0 0 0 0 1 0- #indice:84
0 0 0 0 1 0 0 0 0 0 0 1 0 0 1 1 1 1 0 1- #indice:85
0 1 1 0 0 1 0 0 1 1 0 0 0 0 1 0 0 1 0 0- #indice:86
0 1 1 1 0 0 0 0 0 0 0 0 0 0 1 0 1 0 0 1- #indice:87
0 0 0 0 0 0 0 1 0 0 0 0 1 1 1 0 1 0 0 0- #indice:88
1 0 0 0 0 0 0 1 0 0 1 0 1 1 0 1 1 0 0 0- #indice:89
0 0 1 0 0 1 0 0 0 0 1 0 1 1 0 1 0 1 0 0- #indice:90
1 0 0 1 0 1 1 0 1 0 1 0 0 0 0 1 0 1 1 1- #indice:91
0 0 0 0 0 1 0 1 0 0 1 1 0 1 0 1 0 1 1 0- #indice:92
0 0 0 0 1 1 0 1 1 0 0 0 1 0 0 0 0 1 1 0- #indice:93
1 0 0 0 1 0 0 0 1 0 0 0 1 0 0 0 0 0 0 1- #indice:94
0 0 1 0 0 0 0 1 1 0 1 0 0 0 0 1 0 1 1 0- #indice:95
1 0 0 1 0 0 1 0 1 0 0 0 0 0 0 1 0 0 0 0- #indice:96
0 0 0 0 1 1 0 0 1 0 0 1 0 0 0 0 0 0 0 1- #indice:97
0 1 1 0 0 0 1 1 0 0 0 0 1 1 0 0 1 0 0 0- #indice:98
0 1 0 0 0 0 0 0 0 0 0 1 1 0 0 0 0 0 1 0- #indice:99
1 0 0 1 1 1 0 0 1 0 1 0 0 1 0 0 0 0 0 0- #indice:100
0 0 1 0 0 1 0 0 0 0 0 0 0 0 0 0 0 1 0 1- #indice:101
1 1 0 0 0 0 0 0 0 1 1 0 0 0 0 0 1 0 1 0- #indice:102
0 1 1 0 0 0 0 0 0 0 1 0 1 0 0 0 1 0 1 0- #indice:103
1 1 0 0 0 0 0 0 0 0 1 0 0 0 0 0 0 1 0 0- #indice:104
0 0 0 0 0 1 0 0 1 1 1 0 0 0 0 0 0 0 0 1- #indice:105
0 0 0 0 0 0 0 1 1 0 0 1 0 0 1 0 1 1 0 0- #indice:106
1 1 1 0 0 0 0 0 0 0 0 1 0 0 0 0 1 0 0 0- #indice:107
0 0 0 1 0 0 0 0 0 0 0 0 1 0 0 0 0 0 0 0- #indice:108
0 0 0 0 0 0 1 0 0 0 0 1 0 0 1 0 0 0 0 1- #indice:109
1 0 0 1 1 1 1 0 1 0 0 0 0 0 0 0 0 0 0 1- #indice:110
1 0 1 0 0 1 0 0 0 1 0 1 0 0 1 0 1 0 0 0- #indice:111
1 0 0 1 0 1 0 0 0 0 0 1 1 0 1 0 0 1 0 0- #indice:112
0 0 0 0 0 1 0 0 0 1 0 0 0 0 0 1 0 1 1 0- #indice:113
0 1 0 0 1 0 0 0 0 0 1 0 0 0 0 0 0 0 0 0- #indice:114
0 0 0 0 1 0 0 0 0 1 0 0 0 1 0 0 0 0 0 1- #indice:115
1 1 0 1 0 0 1 0 0 0 0 1 0 0 0 1 0 0 1 0- #indice:116
0 0 0 0 0 0 0 0 0 0 0 0 1 0 0 0 0 0 0 1- #indice:117
1 0 1 0 1 0 0 0 0 0 0 0 0 0 1 0 0 0 0 0- #indice:118
1 1 0 0 0 1 1 0 0 0 0 1 0 0 1 0 0 0 0 0- #indice:119
0 0 0 0 0 0 0 0 0 0 0 0 0 1 0 0 0 0 0 1- #indice:120
1 1 0 0 0 0 0 0 1 0 0 0 0 0 1 1 1 0 0 0- #indice:121
0 0 0 0 0 0 1 1 0 1 1 1 1 0 0 0 0 0 0 0- #indice:122
0 0 0 0 0 1 1 1 0 0 0 0 0 0 1 0 0 1 0 0- #indice:123
1 0 1 0 1 0 0 0 0 1 0 0 1 0 0 1 0 1 0 1- #indice:124
0 0 0 0 0 0 0 1 0 0 1 0 0 0 1 1 0 1 0 0- #indice:125
0 1 0 0 0 0 0 0 0 1 1 0 1 0 0 0 0 1 0 1- #indice:126
0 0 0 0 0 0 0 0 0 1 1 0 1 1 0 0 0 0 0 0- #indice:127
1 1 0 1 0 1 0 1 0 1 0 0 0 0 0 0 0 0 0 0- #indice:128
0 0 0 0 0 0 0 0 0 1 0 0 0 0 0 1 0 0 0 0- #indice:129
0 0 1 0 0 0 0 0 1 0 1 1 0 0 0 0 1 0 0 0- #indice:130
0 1 0 0 0 0 0 0 0 0 1 0 0 0 0 0 0 0 0 0- #indice:131
0 0 0 0 1 1 0 1 0 0 0 0 0 0 0 0 0 0 0 1- #indice:132
0 0 0 0 0 0 0 0 0 0 1 0 0 0 0 0 0 0 0 0- #indice:133
0 0 0 1 0 0 1 0 0 0 0 0 0 1 0 0 0 0 0 0- #indice:134
0 0 0 0 1 0 0 1 1 0 0 1 1 0 0 0 0 0 0 0- #indice:135
0 0 0 0 0 1 0 0 0 0 0 1 0 0 0 0 0 1 0 1- #indice:136
0 0 0 1 0 0 0 0 1 0 0 0 0 0 0 0 0 0 0 0- #indice:137
1 0 1 0 0 0 0 1 0 0 1 0 0 1 0 0 0 1 0 0- #indice:138
0 1 0 0 0 0 1 0 0 0 0 1 1 0 1 0 0 1 0 1- #indice:139
0 1 1 0 0 1 0 0 0 0 1 0 0 0 1 0 0 0 0 1- #indice:140
1 0 0 0 1 1 0 1 0 0 1 1 0 1 0 0 0 1 1 0- #indice:141
0 1 1 1 1 0 0 0 0 0 0 1 0 0 0 0 0 1 0 0- #indice:142
0 0 0 1 1 0 1 0 0 0 1 0 0 0 0 0 1 0 0 0- #indice:143
1 1 1 1 0 1 1 0 0 0 0 0 0 1 1 0 0 1 0 0- #indice:144
0 0 1 0 1 0 1 0 0 1 0 0 0 0 0 1 0 0 1 0- #indice:145
0 0 1 0 0 0 0 0 0 0 0 1 0 1 0 0 0 0 0 0- #indice:146
0 0 0 0 0 0 0 1 0 0 0 0 0 0 0 0 1 0 0 0- #indice:147
0 1 0 0 1 1 0 0 1 0 1 0 0 1 0 0 0 1 0 0- #indice:148
0 0 0 1 0 0 0 1 1 0 1 0 0 0 0 0 0 0 0 0- #indice:149
0 0 0 1 1 0 1 1 0 1 0 1 0 1 0 0 0 0 1 0- #indice:150
0 1 0 1 0 0 0 0 0 0 0 0 0 0 1 1 0 0 0 0- #indice:151
0 0 0 1 0 0 0 0 0 0 1 0 0 1 0 0 0 0 1 0- #indice:152
0 0 1 0 0 0 0 0 0 0 1 0 0 0 0 1 0 1 0 0- #indice:153
0 1 0 1 1 0 0 0 0 0 0 0 0 1 0 0 0 0 1 0- #indice:154
1 0 0 0 0 0 1 0 0 1 0 0 0 0 0 0 0 0 0 1- #indice:155
0 1 1 0 0 0 0 1 1 1 0 0 1 0 0 0 0 0 0 0- #indice:156
1 1 1 1 0 0 0 0 0 0 0 0 0 0 1 0 0 1 1 0- #indice:157
1 0 1 0 0 0 0 1 0 0 0 0 0 1 0 0 0 0 0 0- #indice:158
0 0 0 0 0 1 0 0 0 1 1 0 1 1 0 0 0 1 0 0- #indice:159
0 0 0 0 1 0 0 0 1 0 0 0 1 0 1 0 0 1 0 0- #indice:160
1 0 1 0 0 0 0 0 1 0 1 0 1 1 0 0 0 0 0 1- #indice:161
1 0 0 1 0 1 0 0 0 0 0 0 0 0 0 0 0 0 1 0- #indice:162
0 0 0 1 0 0 1 0 0 0 0 0 0 1 0 0 1 0 0 0- #indice:163
1 0 0 0 0 0 0 1 0 1 0 0 0 0 0 0 0 0 1 0- #indice:164
0 1 0 0 0 0 0 0 1 0 1 0 1 0 0 1 1 0 1 0- #indice:165
0 1 0 1 0 0 0 0 1 0 0 0 1 0 0 0 0 0 0 1- #indice:166
0 1 1 1 0 0 0 1 0 0 0 1 0 0 0 0 0 0 0 0- #indice:167
0 0 0 1 1 0 0 0 0 0 0 1 0 0 0 1 0 0 0 0- #indice:168
0 0 0 1 0 0 0 0 0 0 0 0 0 0 1 0 0 0 0 0- #indice:169
0 0 1 0 1 0 0 0 0 1 0 1 0 0 0 0 0 0 0 0- #indice:170
0 1 0 0 0 1 1 1 0 0 0 0 1 1 0 1 0 0 1 0- #indice:171
0 0 0 0 0 1 0 0 0 1 0 0 0 0 0 0 0 1 1 0- #indice:172
0 0 0 0 0 0 1 0 1 1 0 0 0 0 0 0 0 1 0 0- #indice:173
1 0 1 1 0 0 0 0 1 0 0 1 1 1 0 1 0 0 0 1- #indice:174
0 0 0 1 0 0 0 0 0 0 1 1 0 1 0 0 0 0 0 0- #indice:175
0 0 0 0 0 0 0 1 0 0 0 0 0 0 1 0 0 1 0 0- #indice:176
1 1 1 0 0 1 0 0 1 0 0 0 0 0 0 0 1 1 0 0- #indice:177
0 1 0 0 1 0 0 1 0 0 0 0 0 1 0 0 0 0 0 0- #indice:178
0 1 0 0 0 1 1 0 0 0 1 0 0 0 1 0 0 1 0 0- #indice:179
0 0 0 1 0 0 1 0 0 0 0 0 1 0 0 0 0 0 0 0- #indice:180
0 0 0 0 1 0 0 0 1 0 0 0 1 1 0 0 0 1 0 0- #indice:181
0 0 1 0 0 0 1 0 0 0 0 0 0 1 0 1 0 1 0 0- #indice:182
0 0 0 1 0 1 1 0 0 0 0 0 0 1 0 1 0 0 0 0- #indice:183
0 0 1 1 0 0 0 1 1 0 0 0 0 1 0 1 0 0 1 0- #indice:184
0 0 0 0 0 0 0 0 0 1 0 0 0 0 0 0 0 0 0 0- #indice:185
1 0 0 0 1 0 1 0 0 1 0 0 0 0 1 0 0 1 0 1- #indice:186
0 0 1 1 0 0 0 0 0 0 0 0 1 0 1 0 0 1 0 0- #indice:187
0 0 1 1 0 1 0 0 1 0 0 1 1 0 0 0 0 0 0 0- #indice:188
0 1 1 0 0 0 0 1 1 0 0 0 1 1 0 0 0 0 1 0- #indice:189
0 0 0 0 0 0 1 0 0 0 0 0 1 0 1 0 0 0 0 0- #indice:190
1 0 0 0 0 1 0 0 0 0 0 0 0 0 0 0 0 0 0 1- #indice:191
0 0 0 0 1 1 0 0 0 0 0 0 0 1 1 1 0 0 1 0- #indice:192
0 1 1 0 0 1 0 0 0 1 1 0 1 0 1 1 1 0 1 0- #indice:193
0 0 1 0 0 1 0 1 0 1 0 0 0 0 0 0 1 0 0 0- #indice:194
0 1 0 1 0 0 0 1 0 0 0 0 1 1 0 0 0 1 0 0- #indice:195
0 1 0 1 0 0 0 0 1 0 1 0 0 0 0 0 0 1 0 0- #indice:196
1 1 0 1 1 0 1 0 1 0 0 0 0 0 0 1 0 0 0 1- #indice:197
0 0 1 0 0 0 0 0 1 0 0 0 0 0 0 0 0 1 0 0- #indice:198
1 0 0 0 1 0 1 0 1 0 0 0 0 0 0 0 0 0 1 0- #indice:199

#Dimensioni: 
A = 52916 bytes
B = 334516 bytes
COV = 17486 bytes

#Risultato COV =
{60, 49, 20, 17, 11}
{117, 76, 34, 28, 5, 4}
{120, 104, 57, 30, 20, 11}
{132, 121, 70, 57, 8}
{135, 73, 57, 28, 17, 4}
{137, 133, 120, 77, 41, 30, 11, 10}
{146, 137, 77, 41, 11, 7, 4}
{147, 134, 129, 94, 73, 50, 49}
{147, 137, 129, 120, 119, 18, 12}
{150, 121, 101, 39}
{153, 137, 115, 99, 46, 11}
{154, 147, 133, 109, 67, 34}
{155, 137, 30, 12, 11, 10, 8}
{160, 120, 63, 51, 44, 10}
{162, 160, 147, 129, 120, 70, 10}
{168, 156, 120, 73, 50, 46}
{169, 133, 129, 120, 93, 49, 46}
{169, 135, 133, 120, 113, 46, 10}
{169, 147, 117, 77, 73, 49, 12, 9}
{169, 147, 129, 73, 49, 20, 17}
{169, 158, 136, 133, 129, 20, 4}
{170, 137, 46, 23, 11, 7}
{170, 169, 147, 133, 78, 73, 9}
{172, 169, 158, 117, 30, 3}
{173, 169, 158, 117, 114, 65}
{175, 145, 117, 34, 11, 4}
{176, 94, 65, 57, 48}
{176, 170, 162, 133, 117, 9, 4}
{178, 129, 108, 52, 51, 34}
{180, 129, 79, 58, 50, 34}
{180, 146, 132, 129, 50, 34, 4}
{181, 162, 147, 133, 129, 109, 10}
{181, 164, 151, 70, 58}
{181, 169, 147, 77, 51, 10, 7}
{182, 169, 164, 97, 39, 4}
{183, 117, 77, 45, 12, 4}
{183, 117, 106, 77, 12, 10}
{185, 133, 108, 79, 58, 34, 28}
{185, 138, 108, 97, 28, 4}
{185, 146, 94, 66, 11, 4}
{185, 146, 133, 132, 108, 34, 28, 4}
{185, 147, 114, 109, 108, 73, 42}
{185, 147, 137, 118, 51, 23, 7}
{185, 152, 123, 94, 30, 10}
{185, 169, 133, 117, 65, 34, 27}
{185, 175, 147, 94, 73, 28, 10}
{185, 175, 147, 117, 43, 34, 28}
{185, 176, 134, 133, 94, 65, 10}
{188, 147, 115, 104, 28}
{188, 185, 176, 17, 4, 1}
{189, 169, 136, 129, 46, 12}
{189, 169, 155, 73, 30, 12}
{190, 164, 137, 120, 73, 30, 12, 10}
{190, 178, 137, 133, 101, 77, 30}
{190, 185, 152, 132, 34, 30, 10}
{191, 145, 108, 106, 80}
{191, 176, 80, 57, 30, 20}
{191, 176, 131, 76, 30, 20}
{191, 176, 170, 165, 134}
{191, 182, 169, 135, 63, 4}
{191, 185, 176, 146, 137, 39, 4, 1}
{192, 185, 167, 64, 39, 34}
{194, 137, 133, 71, 1}
{194, 160, 133, 120, 116}
{198, 134, 117, 114, 77, 30, 11}
{198, 155, 154, 39, 30, 11}
{198, 178, 169, 155, 65, 39}
{198, 180, 120, 114, 77, 30, 11}
{198, 185, 134, 78, 30, 12, 11}
{198, 191, 185, 180, 178, 50, 30}
{199, 120, 60, 49, 39, 11}
{199, 146, 131, 117, 60, 11}
{199, 169, 147, 129, 120, 73, 49, 39}
{199, 169, 147, 146, 131, 129, 117, 73}
{199, 185, 151, 147, 146, 133, 117, 73}

Numero delle partizioni trovate = 75
Distribuzione della cardinalità del COV:
	Numero di elementi con cardinalità 4 = 1
	Numero di elementi con cardinalità 5 = 9
	Numero di elementi con cardinalità 6 = 30
	Numero di elementi con cardinalità 7 = 27
	Numero di elementi con cardinalità 8 = 8
Numero di set = 111
Cardinalità = 20

#Heap
Index Count     Size  Cumulative Size             Object Name
    1   478   396144   396144                           list
    2   257     6682   402826                    numpy.int16
    3     1      408   403234                types.FrameType
    4     1      136   403370                       function
    5     1       72   403442               builtins.weakref
    6     2       48   403490                          float

Spazio totale di heap occupato = 394.03 KB

Tempo di esecuzione: 5622.669458389282 millisecondi

Numero nodi visitati = 189180
Numero totale dei nodi visitati = 1606938044258990275541962092341162602522202993782792835301375
Percentuale dei nodi visitati sul totale = 0.0000%
