;;;input_2
0 1 0 0 0 0 1 0 1 0 0 1 -
0 0 0 1 0 1 0 0 1 0 0 0 -
0 1 1 1 0 0 0 0 0 0 1 0 -
1 0 1 0 0 0 0 0 0 1 0 0 -
0 0 1 0 0 1 1 0 1 1 1 0 -
0 0 1 1 0 0 0 0 1 0 0 0 -
0 0 0 0 0 0 1 0 0 0 1 1 -
0 1 0 1 1 1 0 1 0 1 0 1 -
0 0 1 1 0 0 1 0 0 0 1 1 -
0 0 0 0 0 0 0 1 1 1 0 0 -
1 0 1 0 0 0 0 1 1 0 0 0 -
1 1 0 0 1 0 0 1 1 0 0 0 -
0 1 1 1 0 0 1 1 1 0 0 1 -
1 0 1 0 1 0 0 1 1 0 0 0 -
1 0 1 0 1 0 0 1 0 0 0 1 -
1 1 0 0 0 0 0 0 1 0 1 0 -
0 0 1 0 1 1 0 0 1 0 0 0 -
0 1 0 0 0 0 0 1 1 0 0 0 -
1 0 0 1 1 0 0 0 1 0 1 0 -
0 0 0 0 0 0 1 0 1 1 0 0 -
0 0 1 1 1 0 1 0 0 1 1 1 -
0 0 0 1 1 0 0 1 1 0 0 0 -
0 1 0 0 0 0 0 0 0 0 1 1 -
0 1 0 1 0 0 0 0 0 0 1 0 -
0 1 0 0 0 0 0 0 1 1 1 0 -
0 0 0 0 1 1 0 0 1 0 1 1 -
0 0 0 1 0 0 0 1 0 1 1 0 -
1 0 0 1 0 0 1 0 0 0 0 1 -
0 0 0 1 0 1 0 0 0 0 0 0 -
0 1 1 1 1 0 0 0 0 0 1 0 -
0 0 0 1 1 1 0 1 0 0 1 1 -
0 1 0 1 0 0 0 1 0 0 0 1 -
1 0 1 0 0 0 1 0 1 1 1 1 -
0 0 1 1 0 1 1 1 0 1 0 0 -
0 0 0 1 0 0 0 1 0 0 0 0 -
1 0 0 0 1 1 1 0 0 0 0 0 -
0 0 1 0 0 0 1 0 0 1 0 1 -
0 1 0 0 1 0 0 0 0 1 1 0 -
1 0 0 0 0 0 0 1 0 1 1 1 -
1 0 1 1 0 0 1 1 0 0 1 0 -
0 0 0 1 1 0 0 0 1 1 0 0 -
0 1 1 0 0 0 1 0 1 0 0 1 -
1 1 0 1 1 0 0 1 0 1 1 1 -
0 0 0 1 1 0 0 0 0 1 0 0 -
1 0 1 0 1 0 0 1 1 0 0 0 -
1 1 0 0 0 0 1 0 1 1 1 0 -
1 0 1 1 0 0 0 0 0 0 0 0 -
0 1 0 1 0 0 0 1 0 0 0 0 -
0 0 1 1 0 1 0 0 1 0 0 0 -
1 0 1 1 0 0 0 0 0 1 1 1 -
0 0 1 0 0 0 0 1 1 1 1 0 -
1 1 1 1 0 0 0 1 0 1 1 0 -
1 0 0 1 0 0 1 1 0 1 0 1 -
0 1 0 0 1 1 1 0 1 0 0 0 -
0 1 0 0 0 0 0 0 1 1 0 0 -
0 0 0 1 1 1 0 0 0 0 1 1 -
1 0 1 0 0 0 0 0 1 0 0 0 -
0 0 0 1 1 0 1 1 0 1 1 0 -
0 1 1 0 0 0 0 0 0 0 1 1 -
0 0 1 0 1 0 0 0 0 1 0 1 -
0 1 0 0 0 0 1 1 1 1 0 1 -
1 0 0 0 1 1 0 0 1 0 0 1 -
0 0 1 0 0 0 1 0 0 0 0 1 -
0 0 1 0 1 0 0 1 0 1 0 0 -
1 0 0 0 0 1 1 0 0 0 1 0 -
0 1 1 0 1 0 0 1 1 1 1 1 -
0 0 1 0 0 0 1 0 1 0 0 0 -
1 0 0 0 1 0 1 0 0 0 0 0 -
0 1 0 0 0 1 0 1 1 0 0 0 -
1 0 1 0 1 1 0 0 0 1 1 0 -
1 1 1 1 0 0 1 1 1 1 1 1 -
1 0 0 0 1 1 0 0 0 1 1 0 -
1 0 0 1 0 1 1 0 1 1 0 0 -
1 1 1 0 0 0 0 1 0 0 0 1 -
0 1 1 0 1 0 0 0 1 0 0 0 -
0 1 1 0 0 1 0 0 0 1 0 1 -
0 0 0 0 0 0 0 0 0 1 1 1 -
0 1 0 0 1 0 1 0 0 1 0 0 -
0 0 0 1 0 0 0 1 1 1 0 1 -
1 1 0 1 0 0 1 1 1 0 1 0 -
0 1 1 0 0 1 1 0 1 0 1 1 -
0 1 1 1 1 1 0 1 0 1 1 0 -
0 0 0 0 0 1 0 0 0 0 0 0 -
0 0 0 1 1 0 0 1 0 0 0 0 -
0 1 0 1 0 1 0 1 1 0 0 1 -
0 0 0 1 1 1 0 1 0 1 1 1 -
1 0 0 0 1 1 0 0 0 0 0 0 -
0 0 0 1 1 0 1 1 0 1 1 1 -
1 0 0 0 1 0 1 0 1 1 0 0 -
1 1 1 0 0 0 1 0 1 1 0 1 -
0 1 1 1 0 0 0 0 0 0 0 1 -
0 1 0 0 0 0 0 0 0 0 0 0 -
1 0 0 1 0 1 0 0 0 0 0 1 -
0 0 1 1 1 1 1 1 0 0 1 0 -
1 0 0 1 0 1 0 1 0 1 0 1 -
0 0 0 1 0 1 0 0 0 0 0 0 -
1 0 0 0 0 0 0 1 0 0 1 0 -
1 1 0 1 0 0 1 0 0 1 1 1 -
0 0 0 1 0 1 1 0 1 1 0 0 -
0 0 1 0 1 1 0 1 1 1 1 0 -
1 1 0 0 1 0 1 1 0 0 1 0 -
0 0 0 0 0 0 0 1 0 0 0 1 -
0 1 0 0 0 1 0 0 1 0 1 1 -
0 1 0 1 1 1 0 1 1 1 1 1 -
0 0 1 0 0 0 1 1 0 0 0 0 -
0 0 0 0 1 0 1 0 0 0 0 0 -
0 1 1 0 0 1 0 0 0 0 0 1 -
0 1 0 0 1 1 0 0 0 1 1 1 -
1 1 0 0 0 0 0 1 0 1 0 0 -
0 0 1 1 1 0 0 0 0 0 1 1 -
0 0 0 1 0 1 0 0 1 1 0 0 -
0 0 0 1 1 0 0 0 0 0 1 0 -
0 0 1 1 0 1 1 0 1 0 0 0 -
0 0 0 0 1 0 1 0 1 1 0 0 -
1 1 0 1 0 0 1 0 1 0 0 0 -
1 1 0 1 0 0 0 1 0 1 0 0 -
0 0 0 1 1 0 1 1 0 0 1 1 -
1 0 0 0 0 0 1 1 0 1 0 1 -
0 1 0 1 1 1 1 0 1 1 0 1 -
0 0 0 0 0 0 0 1 0 0 0 1 -
0 1 0 0 0 1 1 0 1 1 0 1 -
0 0 0 1 0 1 0 1 0 0 0 1 -
0 0 1 1 0 1 0 0 0 0 0 1 -
0 0 0 0 0 0 1 1 1 0 0 1 -
0 0 1 1 0 1 0 1 1 0 1 0 -
1 0 1 0 1 1 0 0 0 0 0 0 -
0 0 1 1 0 0 1 0 1 1 1 1 -
1 1 0 0 0 1 0 0 0 0 1 0 -
0 0 1 1 0 0 0 1 0 0 0 1 -
0 0 0 0 1 1 1 1 0 1 0 0 -
1 1 0 0 0 0 1 0 0 0 0 0 -
0 1 1 0 0 0 0 0 1 0 0 0 -
1 0 0 1 0 0 0 0 0 0 0 1 -
0 0 0 1 1 1 1 0 1 0 0 0 -
0 1 0 0 0 0 0 0 0 1 0 0 -
1 0 1 0 0 0 0 1 0 0 1 0 -
0 0 0 0 1 0 0 0 1 0 0 1 -
0 1 1 0 0 0 0 0 1 1 1 0 -
1 0 0 1 1 1 0 1 0 0 1 0 -
1 1 0 0 0 1 0 1 0 1 1 0 -
0 0 0 1 1 1 0 0 1 0 1 0 -
1 0 1 0 0 0 1 0 1 1 1 1 -
1 0 0 0 0 0 1 0 0 0 1 1 -
1 1 0 0 1 1 0 0 1 0 0 1 -
1 1 1 0 1 0 0 1 0 1 1 0 -
0 0 0 0 0 0 0 0 0 0 0 1 -
0 0 1 1 0 0 0 0 1 1 0 0 -
1 0 0 0 0 1 0 0 1 0 1 0 -
0 0 1 0 1 0 1 0 0 0 1 0 -
0 1 0 0 0 0 1 1 0 0 0 1 -
1 0 0 0 1 0 1 1 1 1 1 0 -
1 0 0 1 0 0 0 0 0 0 1 1 -
1 0 1 1 0 0 0 0 0 0 0 1 -
1 0 1 0 1 1 0 0 0 0 1 0 -
1 1 0 0 0 0 0 0 0 0 1 0 -
0 0 1 1 1 0 0 0 0 1 0 1 -
0 0 0 0 1 1 0 0 0 0 0 0 -
0 0 0 1 0 0 0 1 0 0 0 0 -

;;;|N| = 158
;;;|M| = 12
;;;min_righe = 100; max_righe = 200;
;;;min_colonne = 10; max_colonne = 15;
;;;percentuale_zero = 62%