;;;input_2
0 0 0 0 0 0 0 0 0 1 0 0 0 0 1 0 1 0 1 0 -
0 1 0 0 0 1 1 0 0 1 1 0 0 1 1 1 0 0 1 0 -
0 0 0 0 1 0 0 0 0 0 0 0 0 0 1 0 0 1 1 0 -
0 0 0 0 0 0 0 0 1 1 0 0 0 0 0 0 0 0 1 1 -
1 0 0 0 0 0 1 0 0 0 1 0 0 0 1 0 0 0 0 0 -
1 0 0 0 0 0 0 1 0 1 0 0 1 0 0 1 1 0 0 0 -
1 0 0 0 0 1 0 0 0 0 1 0 0 0 0 1 1 0 0 0 -
1 0 0 0 0 1 0 0 0 1 0 0 1 0 0 0 0 1 0 0 -
1 0 1 1 0 0 0 0 1 0 0 1 0 0 0 0 0 1 1 0 -
0 0 1 1 0 0 0 0 0 0 0 1 1 0 0 0 1 0 0 1 -
0 0 1 0 1 1 0 0 0 0 1 0 0 0 0 0 0 0 0 0 -
1 0 0 0 0 1 0 0 0 0 0 0 0 0 0 0 0 0 0 0 -
1 1 0 0 1 1 1 1 0 0 0 1 0 0 1 0 0 0 0 1 -
0 0 0 0 1 0 0 0 0 1 0 1 0 0 0 1 0 0 0 0 -
0 0 0 1 1 0 0 1 0 0 0 0 0 0 0 1 1 1 0 0 -
0 1 0 0 0 0 0 0 1 0 0 0 1 0 0 0 1 0 0 0 -
0 0 1 0 0 1 0 0 0 0 1 0 0 0 0 0 0 0 0 1 -
0 0 0 0 0 0 1 0 0 1 0 0 1 1 1 0 1 0 0 0 -
1 0 0 0 0 0 1 1 1 0 0 1 1 1 0 0 0 0 0 0 -
1 0 0 0 0 0 1 0 0 1 1 0 1 0 0 0 0 0 1 1 -
1 1 0 1 0 0 0 0 0 1 0 0 0 0 0 0 0 0 0 0 -
0 0 0 1 0 0 0 1 0 1 1 1 0 0 0 0 0 0 0 0 -
0 0 0 1 0 1 0 0 1 0 0 0 0 0 0 0 1 1 0 0 -
1 1 0 0 1 1 0 0 0 1 0 0 0 0 1 0 0 0 0 0 -
0 0 0 0 0 0 0 1 0 0 0 0 1 1 1 0 0 1 1 1 -
1 1 0 0 0 0 0 1 0 0 0 1 0 0 0 1 0 0 1 0 -
0 0 0 0 0 0 1 1 0 1 0 1 0 0 0 0 0 0 1 0 -
1 0 0 1 0 0 0 0 0 0 1 1 0 1 0 0 0 1 0 0 -
0 0 1 0 0 1 0 1 0 0 0 0 0 0 1 0 1 0 0 0 -
1 0 0 0 0 0 0 0 0 0 0 0 0 0 0 0 1 0 0 0 -
0 0 0 0 0 0 0 1 0 0 0 0 0 0 0 0 0 0 0 0 -
0 0 1 0 0 1 0 0 0 1 0 0 0 1 1 0 1 1 1 0 -
1 1 0 0 0 0 1 0 0 0 0 0 0 1 1 0 0 0 0 0 -
1 1 0 0 0 0 0 0 1 0 0 0 0 0 0 1 0 0 1 0 -
0 1 0 0 0 0 0 0 0 1 0 0 0 0 0 0 0 0 0 0 -
0 0 0 0 0 1 0 0 0 0 0 0 0 1 1 0 0 0 0 0 -
0 0 0 0 1 0 0 1 1 0 0 0 0 0 0 0 0 0 1 0 -
0 0 0 0 0 0 0 1 0 0 0 1 0 0 1 0 0 0 0 0 -
0 0 0 0 0 0 0 0 0 0 1 0 0 0 0 1 0 0 0 0 -
0 0 1 1 1 0 1 0 0 0 0 0 0 0 0 0 0 0 0 1 -
0 1 0 0 0 1 0 0 0 0 0 0 0 0 0 0 0 1 0 0 -
0 0 0 0 0 0 1 0 0 1 1 0 0 1 0 0 0 0 1 1 -
0 0 0 0 0 1 0 0 0 0 0 0 0 1 0 1 1 0 0 1 -
1 0 0 0 0 0 1 0 1 0 0 0 1 1 0 1 0 0 0 0 -
0 0 0 0 0 0 0 0 0 1 0 1 0 1 1 0 0 0 0 0 -
0 1 0 1 1 0 0 0 0 0 0 0 1 0 0 1 0 0 0 0 -
0 1 0 1 1 0 0 0 1 0 0 0 0 0 0 0 1 0 0 0 -
0 1 0 0 0 1 0 0 0 1 0 0 1 1 0 0 0 0 0 0 -
0 0 0 0 1 0 1 0 0 1 0 0 0 0 0 0 0 0 0 0 -
0 0 0 0 0 0 1 1 0 1 1 1 0 0 0 1 0 1 0 0 -
1 0 0 0 1 0 1 0 0 0 1 0 0 0 0 0 0 0 0 0 -
0 0 0 0 0 0 0 0 1 0 0 0 0 1 1 0 1 0 0 0 -
0 1 0 0 1 0 1 0 0 0 0 0 0 0 1 0 0 0 0 0 -
1 1 0 0 1 0 0 1 0 0 0 0 0 0 0 0 0 0 0 0 -
0 0 1 0 1 1 0 0 1 0 0 0 0 0 0 0 1 1 0 0 -
0 0 0 0 0 0 1 0 1 1 0 1 1 0 1 0 0 0 0 0 -
0 0 1 0 0 0 1 0 0 1 1 0 0 0 0 0 0 0 1 1 -
1 0 0 0 0 0 0 1 0 0 0 0 1 1 0 1 0 0 1 0 -
0 0 0 1 0 0 0 0 0 0 0 1 0 0 1 0 0 1 0 0 -
0 1 1 1 1 0 0 0 0 1 0 0 0 1 1 0 0 0 0 0 -
0 0 1 0 1 0 0 0 0 0 1 0 0 0 0 0 1 0 1 1 -
1 0 0 0 1 0 0 0 1 0 0 1 0 0 0 0 0 0 1 0 -
0 0 0 0 0 1 0 0 1 1 0 1 1 1 0 0 0 0 1 0 -
0 0 0 0 0 0 0 0 1 1 1 1 0 0 0 1 0 0 0 0 -
0 0 0 0 0 1 1 0 0 1 0 0 1 1 0 0 0 0 0 0 -
0 1 0 1 0 1 0 0 1 1 1 1 0 0 0 0 0 0 0 0 -
0 0 0 0 1 0 0 0 0 0 0 0 0 0 1 0 0 1 0 0 -
1 0 0 1 1 0 0 1 0 1 0 1 0 1 0 0 0 0 0 0 -
0 0 0 0 0 1 0 0 0 0 1 0 1 0 1 0 0 0 0 0 -
0 0 0 0 0 0 0 0 0 0 0 1 0 0 0 0 0 0 0 0 -
0 1 1 0 0 1 0 0 0 0 1 0 0 1 0 0 0 0 0 1 -
0 0 0 0 0 0 1 0 0 1 0 1 0 0 0 1 0 0 0 0 -
0 0 0 0 0 0 1 0 0 1 0 0 0 0 0 0 1 1 0 1 -
0 0 1 0 0 0 0 0 0 0 0 0 0 0 1 1 0 1 0 0 -
0 0 1 1 0 0 0 0 0 1 0 0 0 0 1 1 0 1 0 0 -
0 0 0 0 0 0 0 0 0 1 0 0 0 0 1 0 1 1 0 0 -
0 0 0 0 0 1 0 0 0 0 0 1 1 1 0 0 1 0 0 0 -
0 0 0 0 0 0 0 0 0 0 1 0 0 1 0 0 0 0 0 0 -
0 0 0 0 1 0 0 0 0 0 0 0 0 0 0 0 1 0 0 0 -
0 0 0 0 1 1 1 1 0 0 1 0 1 0 0 1 0 0 0 0 -
0 0 0 1 1 0 0 0 0 0 0 0 1 0 0 0 1 0 0 0 -
0 0 0 0 0 0 1 0 0 0 1 0 0 1 0 0 0 0 0 0 -
0 0 0 0 0 0 0 0 0 1 1 0 0 0 0 0 1 0 0 0 -
0 0 0 1 0 1 0 0 0 0 1 1 0 0 1 0 0 0 0 0 -
0 0 0 0 0 0 0 0 0 1 0 0 0 0 0 0 0 1 1 0 -
0 1 0 0 0 0 1 0 1 0 1 0 1 0 0 0 0 1 0 0 -
0 0 0 1 0 0 1 1 1 0 0 1 0 1 1 0 0 0 0 0 -
1 0 0 0 0 0 0 0 0 0 0 1 0 1 0 0 0 1 0 0 -
1 0 1 0 0 0 0 1 0 0 1 0 0 0 0 0 0 0 0 0 -
0 0 1 0 0 0 0 1 0 0 0 0 0 0 0 1 0 0 0 0 -
0 0 1 0 0 0 0 0 0 0 1 0 0 0 0 0 0 0 0 0 -
0 0 0 1 0 0 0 0 0 0 0 0 1 0 0 0 1 1 1 1 -
1 0 0 1 0 0 0 0 0 0 0 0 0 0 0 0 0 0 0 1 -
0 0 1 0 1 0 0 1 0 0 1 0 1 0 0 0 0 0 0 1 -
0 0 0 0 0 0 0 0 1 0 1 0 1 0 1 0 0 0 0 0 -
0 1 1 0 1 0 0 0 1 0 0 1 0 1 0 0 0 0 1 0 -
0 1 0 0 0 0 0 0 1 0 0 0 0 0 1 1 0 0 1 0 -
0 0 0 0 0 0 1 0 1 0 0 0 1 0 0 0 0 0 0 1 -
1 0 0 0 0 0 0 0 1 0 0 0 0 0 0 0 1 0 1 0 -
0 0 0 0 0 0 0 0 0 0 0 0 0 0 0 1 0 0 0 0 -
0 0 0 1 0 0 0 0 0 0 0 0 0 0 0 1 0 0 0 0 -
0 0 1 0 0 0 0 0 0 0 0 1 1 0 0 0 0 1 0 0 -
0 0 0 1 0 0 0 1 0 0 0 0 1 0 1 1 0 0 1 1 -
0 0 0 0 0 0 0 0 0 0 1 0 0 0 0 1 0 1 0 0 -
0 1 0 0 0 0 0 0 0 0 0 1 0 0 1 0 0 0 0 0 -
0 0 1 0 0 0 0 1 0 0 0 0 0 1 0 0 0 0 0 1 -
1 1 0 0 0 0 0 0 0 1 0 0 0 0 0 0 1 0 0 0 -
0 1 0 0 0 0 0 1 1 0 0 1 0 0 0 0 0 0 0 0 -
0 1 0 0 0 0 1 1 0 0 0 0 1 0 1 0 0 0 0 0 -
0 1 0 0 0 1 0 0 1 1 0 1 1 0 0 0 0 1 0 0 -
0 0 1 0 0 1 1 0 0 0 0 1 0 0 1 1 0 0 1 1 -
0 0 0 0 1 0 1 0 0 1 0 0 0 0 1 0 0 0 0 0 -
0 0 0 1 1 0 0 0 0 1 0 0 1 0 0 1 1 0 0 0 -
0 1 0 0 1 0 0 0 1 0 0 0 0 0 0 1 0 1 0 0 -
0 0 0 0 0 0 1 0 0 1 0 0 1 0 0 0 0 0 0 0 -
0 0 0 1 0 1 0 0 0 0 1 0 0 1 0 0 0 0 1 1 -
0 0 0 0 0 0 1 1 1 0 1 0 0 0 0 1 1 0 0 0 -
0 1 0 1 0 0 1 0 0 0 0 1 0 0 0 0 0 0 0 0 -
0 1 1 0 0 0 1 0 0 0 0 1 0 0 0 0 0 0 0 0 -
0 0 1 0 0 0 0 1 1 0 0 1 0 0 0 1 1 0 0 0 -
1 0 0 0 0 0 0 1 0 0 1 0 0 0 0 0 0 1 0 1 -
0 0 0 0 1 0 0 0 0 0 0 1 1 0 0 1 0 0 0 0 -
0 0 0 0 0 0 0 0 1 0 0 0 0 0 0 0 0 0 0 0 -
0 1 0 0 0 0 0 0 0 0 1 1 0 0 0 0 1 0 0 0 -
0 1 0 0 0 0 1 0 0 0 1 0 0 0 0 0 1 0 1 1 -
0 1 0 0 1 0 0 0 0 1 1 0 0 1 0 0 0 0 0 1 -
0 0 1 1 1 0 0 1 0 0 0 0 0 1 0 0 0 0 1 1 -
0 0 0 0 0 0 0 0 0 1 0 0 0 0 0 0 0 0 0 0 -
1 1 0 0 0 0 0 0 0 0 1 0 1 0 1 0 1 0 0 0 -
0 0 1 0 1 1 0 0 0 1 0 1 0 1 0 0 0 0 0 0 -
0 0 0 0 0 0 0 0 0 1 0 0 1 0 1 0 0 0 1 1 -
0 0 1 0 0 0 0 0 1 0 0 1 1 0 0 0 0 0 0 1 -
0 1 0 1 0 0 0 0 0 1 0 0 0 0 1 0 1 0 0 0 -
0 0 0 0 1 0 1 0 1 0 1 1 0 0 1 0 0 1 0 0 -
1 0 0 0 0 1 0 0 0 0 1 0 0 0 1 0 0 0 0 0 -
0 0 1 1 1 0 1 0 0 0 0 0 1 0 0 0 0 0 1 0 -
0 1 0 1 1 0 1 0 0 1 0 0 0 0 1 0 0 0 0 1 -
0 0 0 0 0 1 1 0 0 0 0 1 0 0 0 0 1 0 1 0 -
1 0 0 0 1 1 0 0 0 0 0 0 0 0 0 1 0 1 1 0 -
1 0 0 1 0 0 0 0 0 1 0 1 1 0 0 0 0 1 0 0 -
0 0 1 0 0 1 0 1 1 0 0 0 0 1 0 0 0 1 1 1 -
0 0 0 0 1 0 0 0 0 0 1 0 0 0 1 0 0 0 1 0 -
0 0 0 0 0 0 0 0 1 0 0 1 1 0 0 0 1 1 0 1 -
0 1 1 0 0 0 1 0 0 0 0 0 0 1 1 0 0 1 0 0 -
0 0 0 0 0 0 0 1 0 0 1 0 1 0 0 1 0 0 0 0 -
1 0 1 0 1 1 0 0 1 0 1 1 0 0 0 0 0 0 0 0 -
0 0 0 0 0 0 1 0 0 0 0 1 0 1 0 0 0 0 0 0 -
0 0 0 0 0 0 0 0 0 0 0 0 0 1 0 1 0 1 0 0 -
0 1 0 0 0 0 1 0 0 1 0 0 0 0 0 0 1 0 0 0 -
0 0 0 0 0 0 1 0 0 0 0 0 0 0 0 0 1 0 0 0 -
0 0 0 0 0 1 0 0 0 1 0 0 0 0 0 0 0 1 0 0 -
0 0 1 0 1 1 1 0 0 1 1 0 0 0 1 1 0 0 0 0 -
0 1 0 0 0 0 0 0 0 0 0 0 0 0 0 1 0 1 0 0 -
1 0 0 1 0 1 0 0 0 0 0 0 0 0 0 0 0 0 0 0 -
0 1 1 0 0 0 0 0 0 0 1 0 0 0 0 0 0 0 0 0 -
0 1 1 0 0 0 0 0 0 0 0 0 0 0 0 0 0 1 0 0 -
0 0 0 0 0 1 0 0 0 1 0 1 1 0 0 0 0 0 0 1 -
1 0 0 1 1 0 0 1 1 1 0 1 1 0 1 0 0 0 0 0 -
1 0 0 0 0 0 0 0 0 1 0 0 0 0 0 1 0 1 0 1 -
0 1 1 0 0 0 0 1 1 0 0 1 0 1 0 0 0 1 0 0 -
0 0 0 0 0 0 0 0 0 1 1 1 0 0 0 0 0 1 1 0 -
0 1 0 0 0 0 0 0 0 1 0 0 0 1 0 0 1 0 0 0 -
0 1 0 0 0 1 0 0 0 0 1 0 0 0 0 0 0 0 1 0 -
0 0 0 0 1 0 0 0 0 0 1 0 0 0 0 0 0 0 1 0 -
0 0 0 0 0 0 0 0 1 1 1 1 0 0 0 0 0 0 0 0 -
0 0 0 0 0 1 1 0 0 0 1 0 0 0 0 0 0 0 0 1 -
1 0 0 0 1 1 0 1 0 0 0 0 0 1 0 0 1 1 0 0 -
0 0 0 1 1 0 1 0 0 0 0 0 0 0 0 0 1 1 0 0 -
0 1 1 0 0 1 0 0 0 0 0 0 0 0 1 0 0 0 0 1 -
0 0 0 0 0 0 0 0 0 0 0 1 1 0 1 1 0 0 0 0 -
1 0 0 0 1 0 1 0 0 0 1 0 0 0 0 0 0 0 0 1 -
0 1 0 0 1 0 0 0 0 0 0 0 1 0 0 0 0 0 0 0 -
1 0 1 1 0 0 0 0 1 0 0 0 1 1 0 0 1 0 0 0 -
0 0 0 0 0 0 1 0 0 0 0 0 0 0 0 0 1 0 1 0 -
1 0 0 1 0 1 1 0 1 0 0 0 1 0 0 0 0 1 0 0 -
0 0 1 0 0 0 0 0 0 0 0 0 0 0 0 0 1 0 0 0 -
0 1 0 1 0 0 1 0 0 0 0 0 0 0 0 1 1 0 0 0 -
0 1 0 0 0 0 1 1 0 0 0 0 0 0 0 0 1 0 1 0 -
0 1 1 0 0 0 0 0 0 0 0 0 0 1 0 0 0 0 0 0 -
0 1 0 0 0 0 0 0 0 0 0 0 0 0 0 0 0 0 1 0 -
0 0 0 1 0 0 0 0 1 1 0 0 0 0 0 0 0 1 0 0 -
0 0 0 0 0 0 1 0 0 0 1 0 1 0 0 0 0 0 1 0 -
0 0 0 0 0 0 0 0 1 0 0 0 0 1 0 1 0 0 1 1 -
0 1 1 1 1 0 0 0 0 0 0 0 1 1 1 0 0 0 0 0 -
0 0 0 0 0 0 0 1 1 1 0 0 0 0 0 1 0 0 0 0 -
1 0 0 0 1 0 0 0 0 0 0 0 1 0 1 0 0 0 0 0 -
0 1 1 0 0 0 1 0 0 0 1 0 0 0 0 0 0 1 0 0 -
1 1 1 1 0 1 1 1 1 0 1 0 0 0 0 1 0 0 0 1 -
1 1 0 1 0 0 1 1 0 0 1 0 0 0 0 0 0 0 1 0 -
0 0 0 1 1 0 0 0 0 0 0 0 1 0 0 0 0 0 0 0 -
1 1 0 0 0 0 0 0 0 0 0 0 0 0 0 0 0 0 0 0 -
0 0 0 0 0 0 0 0 0 0 0 0 0 0 0 0 0 0 0 0 -
1 0 0 0 1 0 0 0 0 0 1 0 0 0 0 0 0 0 0 0 -
0 0 0 1 0 0 0 0 0 0 0 0 1 0 1 0 0 1 0 1 -
1 0 0 0 0 0 1 0 0 0 0 0 0 0 0 0 0 0 1 0 -
0 0 0 0 1 0 1 0 0 1 0 0 1 0 0 1 1 0 0 0 -
0 0 0 0 0 0 0 0 0 0 0 0 0 0 0 0 1 0 0 0 -
0 0 0 0 0 0 1 1 0 0 0 1 0 0 0 0 0 1 0 1 -
1 0 0 0 0 1 0 0 0 0 0 0 0 0 0 0 0 0 1 1 -
1 0 1 0 1 0 0 0 0 1 0 0 0 0 0 0 0 0 0 0 -

;;;|N| = 200
;;;|M| = 20
;;;min_righe = 200; max_righe = 200;
;;;min_colonne = 20; max_colonne = 20;
;;;percentuale_zero = 75%